4135
662
70
4553
802
887
326
168
2092
4319
747
3882
48
3967
1614
2433
120
358
1624
563
4609
1623
1261
1634
710
1793
181
47
578
3390
3193
2509
330
1533
2300
1202
1017
3323
2157
1523
2102
4251
1007
4007
4606
3330
4104
2466
263
4668
1301
662
659
2143
617
1522
2113
1679
2592
1290
3692
824
3307
284
3325
2276
1097
4933
2345
3793
3036
2332
1924
2998
1171
4533
3442
3059
1467
392
1594
399
3866
158
394
4643
19
1674
1091
1797
39
3224
3971
1008
1334
1678
1446
1868
3500
1188
2259
3366
863
3294
3960
2389
204
2691
3961
2716
634
2748
2248
862
3954
228
1429
1817
2652
1536
1853
2605
1744
3439
1695
3085
2734
410
3184
4767
4284
4902
2547
2461
3693
4471
4166
714
4708
3217
1
1124
3055
1405
909
2209
844
3023
3696
378
3047
3469
2631
3129
3553
3849
193
1102
4374
469
3313
4501
3466
2730
2654
3758
536
3348
3109
144
4866
1175
1954
1743
1070
991
3329
1582
4932
2239
2310
4443
1974
4378
1314
2619
1105
2464
1462
4601
2812
4773
3014
2708
530
2610
1890
3409
308
2540
793
2111
3752
1216
400
3186
2653
2096
1199
1358
687
4492
4602
4054
4858
3442
2611
3575
2692
3526
1351
1255
1185
2212
3201
2147
2040
3746
756
3069
1311
2869
2379
1106
2422
4788
2929
4448
2332
537
4609
2901
2464
465
4387
2120
755
1183
1365
1708
3871
3202
2888
515
2631
3674
1093
622
1826
2860
3093
2876
1345
484
4748
1759
437
3217
4661
601
1505
4472
2389
3521
276
4072
3929
1110
1907
1948
938
3250
1535
3093
1458
3682
3566
4207
1986
488
455
3326
3851
3385
3216
4859
1365
1497
659
3106
394
900
2980
2581
4304
20
4711
1914
1067
2331
3668
4770
2177
551
3380
3878
851
3769
61
3033
2142
2810
3177
4913
1026
296
2088
1242
2210
3674
940
1420
2610
4838
1713
1174
2116
113
677
2631
629
1523
4425
2679
3484
3442
1000
3849
2237
677
2331
3315
4140
3213
213
2337
980
3482
1460
3034
2923
292
4742
1569
3165
926
3781
2986
262
557
2220
186
2999
1309
128
230
4668
837
3434
1754
4968
2889
3927
2416
941
1872
4578
4861
2039
400
2877
4423
1871
919
4054
1121
1268
479
4834
3976
177
2545
2468
189
4492
536
952
4126
2404
3937
3115
4924
32
2603
3927
3164
1840
1103
3760
3123
794
3295
1755
3608
985
2052
1585
3168
4158
4323
930
1507
639
2807
3976
1688
591
1101
1453
1912
2348
3391
354
629
1076
2284
3336
4097
3465
361
1051
601
2403
4019
3544
1207
959
4149
1268
3136
1100
549
1022
1523
1199
2926
4381
3996
603
3092
673
2529
415
1849
3174
2865
4296
4994
2971
3621
988
855
4323
954
590
4537
2863
4092
2240
4634
2899
2027
1406
3749
3268
4421
923
337
3432
2232
1060
1468
4801
4351
4082
3754
2593
2136
3487
3442
2955
2954
2465
2143
2564
3356
1730
1865
2452
403
3031
1718
360
1105
201
3248
178
2802
2494
4063
3229
881
2642
362
2193
742
3762
2564
2557
2366
4704
4940
79
546
658
3210
347
3830
3690
187
1945
854
4553
686
302
2365
643
4878
1492
683
1892
610
4185
193
2505
846
2537
4351
4668
3423
1221
297
4945
3574
4666
1151
3260
4928
3645
1806
4944
3855
215
1301
2523
318
4027
861
2670
3251
1379
3313
1832
3281
3574
3610
3724
398
2908
4815
4379
2598
3171
2536
3495
4711
3911
4595
2356
3764
932
1457
2961
1817
3383
2393
3977
306
3946
3487
4824
2358
3055
1461
1396
0
3474
1834
1388
2553
4705
4728
3810
3470
877
1079
1152
3761
2267
1342
3797
1346
3533
3059
4078
613
2708
810
3457
2481
335
2569
1433
4026
1791
2982
2351
2959
3135
1692
1137
2091
915
1515
2732
4515
2599
184
4455
4065
4656
2077
4883
2319
4419
1557
1224
1519
3139
2454
4304
1827
4400
3910
2026
4904
2046
1025
1244
754
940
3975
4723
2324
4984
3113
4404
3707
4456
457
4606
847
2711
1779
2851
915
3878
2695
4703
2231
4218
357
4030
342
818
906
3594
4168
2245
1160
4134
3910
1913
1545
1613
2883
1832
2702
3868
462
542
3498
103
1454
3704
1955
500
3819
4928
3858
1841
442
3616
3280
3784
1394
4924
2404
4766
3540
1991
1298
4987
2154
4652
2907
2608
3443
1918
2040
2195
667
4355
1688
1669
3640
2202
1733
3679
3281
4715
1010
1213
1151
4214
1303
2943
4733
3571
620
1837
2176
2229
2429
652
2918
3732
2906
4327
3794
715
2350
1586
2382
1099
3950
2761
3591
3129
3497
4695
4836
638
4592
4957
1627
2924
690
2665
1400
2407
2607
4558
3744
3808
4929
2374
4447
1527
2676
4477
282
3168
3585
824
2247
1633
176
2228
708
1201
1881
1442
2894
4153
4175
141
1042
128
113
1905
2626
3623
4932
4947
4866
2344
1851
1562
1640
2723
4440
2905
2174
4556
4981
1691
798
26
102
854
1304
4215
3689
2868
3020
2105
3044
1219
1336
1273
29
1757
3443
829
1283
3344
4248
952
1301
313
4711
2726
2020
1013
2022
4085
4240
4989
4069
2039
2873
2350
4482
737
1962
1070
1532
2396
2033
1737
2614
2399
293
3178
4790
4343
2593
1403
152
1948
3866
2365
3813
4771
2765
4973
3595
1354
1474
936
4125
2605
3180
4793
4829
2417
3404
2082
222
3040
4913
4609
354
3330
2246
4904
3571
1150
2684
4977
762
1991
275
697
1549
211
1748
319
4589
248
184
2990
3103
4048
3457
4382
3038
597
676
4436
3383
3947
2163
4203
404
85
4695
4746
2285
2011
682
3814
2846
3179
2100
979
3892
1729
2465
3079
590
3862
2399
2555
2882
3346
2635
1092
4319
4730
3346
3093
358
1555
1861
17
3538
3245
218
272
4995
626
3440
4123
2483
503
4110
4445
1315
2593
2022
4272
4769
3469
2500
756
330
3249
4563
58
2732
4978
3888
2133
3297
3789
3362
4820
1732
138
3298
3157
264
3099
4912
1407
3252
4349
222
3650
1392
4972
3081
3530
3449
2373
929
4943
2896
874
1362
1486
1913
732
1433
2244
2268
166
1366
930
4624
2114
740
1646
2736
3569
4365
3247
956
3580
4159
1251
4846
2224
3993
4877
2749
383
2635
1727
4137
1816
1709
3136
2274
2177
970
4517
1713
474
2892
1539
1412
1113
2936
1641
476
1543
2971
976
4205
1974
4041
2739
3197
3224
4425
1053
2423
81
4448
3393
1136
323
2045
4507
3523
1529
71
288
2913
1533
1770
2165
2371
4455
2469
111
3922
3611
1783
3330
4662
4502
3139
4039
991
4289
2771
1097
2559
3410
2590
154
1987
2214
2158
633
4518
106
1949
4109
1871
3652
753
1668
4557
4574
2569
1735
2272
3812
2444
851
1189
1388
1540
651
623
3894
109
280
532
802
1377
2924
4340
3303
4906
3992
3567
4394
31
3437
2339
4415
3547
3673
4221
2673
1190
6
1441
4709
2222
3569
2132
2517
1402
3359
503
3673
218
760
867
3005
1008
1431
4048
2838
2101
1308
3019
2248
1583
1546
1122
4073
903
3389
262
3053
3127
3820
4879
2313
1528
1880
983
1909
1947
3127
904
2760
1100
1973
3612
1900
2815
2411
1343
2242
4742
1171
3691
1108
2463
4838
696
3273
60
2952
2579
1714
443
438
3384
2345
557
2572
4817
4726
1735
1847
4906
3145
4928
2429
1184
53
2
1439
2281
1114
686
2286
4120
676
1353
3507
510
1461
1123
3115
1359
701
4348
4468
2264
2408
2843
1861
4807
4545
323
1670
2242
2783
3144
1732
4658
2558
1053
2193
2417
4904
2163
1914
1870
2275
2921
846
1245
2250
3921
4022
617
3970
251
2044
2831
3857
1528
65
1836
2933
4372
1771
3607
586
1566
4307
3758
203
3664
2386
4103
3597
4775
4944
458
353
1094
1791
3466
519
3857
3787
173
3073
4060
2521
3385
4208
147
4526
1759
1113
1653
3807
3018
3603
1638
4659
1006
4402
2081
1325
261
633
2539
4210
3193
1196
4796
2045
1090
1636
3296
1981
4664
2625
2962
3354
541
1447
3071
1852
4088
4073
1789
4600
3170
316
1170
3413
2921
2754
270
2840
462
4048
3589
19
1832
2340
3973
4380
2744
828
1303
4572
747
314
3056
2903
3402
3600
1418
2532
1913
3781
1382
2657
3442
2204
4380
978
385
767
2090
4686
2484
1238
131
3341
2007
4353
1975
366
559
1454
3026
4468
2621
1727
994
376
1049
1776
2393
2681
2149
2200
1364
4150
435
398
4077
3224
4934
3940
4957
4838
4281
4331
1018
335
4604
82
424
4377
4773
1644
3770
4649
1401
4395
1430
2075
1741
1927
977
1154
1797
3450
718
2799
3973
2144
3773
2856
912
2857
3511
708
3567
3577
1812
977
4012
3518
1352
4130
502
1447
217
4782
672
1028
15
3436
2425
3439
3353
2494
4969
3621
1372
1947
214
2963
4419
3464
2471
3909
2813
1533
3729
4604
3893
3717
1200
3729
92
1441
1345
2003
3226
1909
2414
5000
2539
1721
1229
1092
4471
543
3968
3270
823
1723
1902
984
4267
4741
4842
3624
4955
1997
2188
1630
855
1389
1786
822
4757
1959
2516
4516
1971
2120
1848
2863
4970
3133
463
3898
4912
4959
1654
4670
4620
1020
1154
1142
4526
1568
2976
4376
1698
1746
1491
348
3413
383
3252
30
3867
1615
3428
4507
2086
1316
809
182
93
4338
2284
804
4759
3365
3453
2899
4943
2201
1067
3219
1740
3496
1518
960
1303
4619
1171
4213
870
4249
4168
812
2531
75
1761
1655
480
787
948
2298
1370
4540
1792
276
4368
4672
4562
2473
485
2711
1198
797
3207
3724
792
3543
2651
4862
1911
2540
775
4641
2613
691
2210
2150
3836
3047
590
4173
844
4402
3715
833
4756
1793
4449
2456
1280
348
2000
1042
1770
458
678
3388
2490
2612
2202
2339
1957
650
375
3927
2497
5
3436
1948
742
3232
3628
4561
447
3600
4942
4386
1547
3656
4294
508
4177
3225
2767
4919
256
4926
1280
2839
3965
1182
3409
3481
4014
4864
4647
3185
1216
1559
1284
77
4511
1127
214
60
3299
395
3990
2790
179
2712
2362
3441
3729
3200
250
425
135
4731
3893
4932
2862
4867
443
1316
1212
3993
4603
4927
2355
3328
2237
3046
308
2074
3949
2230
3331
497
1423
1261
711
729
2018
2667
38
504
2195
733
633
3318
1134
3049
1542
4139
2961
589
2761
3356
3077
215
1041
2000
2741
2932
2085
809
568
301
2133
1830
3098
356
4194
4201
1301
1350
2614
3582
4027
1896
4207
2391
2961
184
2247
2515
2351
216
4318
2199
4294
1630
3721
1544
3576
4162
1082
244
1392
4330
2926
2611
1549
510
828
3956
4787
4425
3150
2686
2355
473
3203
4703
238
4469
64
3096
2223
615
1789
749
1838
4373
3967
998
915
4552
1115
281
352
10
4312
2240
2659
2792
1520
2467
2075
2306
986
2421
857
1515
3161
2029
4026
2930
4330
3824
2502
3660
3783
1993
2125
2925
2449
2923
1018
3795
1802
3984
2409
4199
1535
1309
1410
3379
2198
3060
1275
1964
4806
347
3219
1057
714
3394
4002
1764
3367
2974
1009
2552
2558
4015
4921
3
1211
580
2615
2465
842
4822
4360
3466
751
3274
2030
4341
4983
4144
3850
2817
1810
29
159
1554
3505
4872
1397
2956
3002
121
1316
2268
1916
4685
4153
3024
825
1254
1816
3337
2875
2037
2892
1821
2862
2062
4961
2724
886
679
3889
4863
159
274
30
3676
4096
3992
4624
3602
115
1560
568
3302
849
4563
3530
3778
672
2835
4432
485
4423
772
3936
109
1267
2074
2922
2784
799
4337
622
4985
2516
3630
3296
3115
4398
2158
2550
1699
3598
90
3410
169
3366
2866
1430
2994
3148
220
1285
3786
2114
3011
4159
1063
3459
3674
3563
131
4534
2756
2821
938
2882
2511
318
2412
2927
4572
4359
49
3489
3368
1891
4027
2798
4804
2676
4403
85
3633
4201
1127
3253
535
4510
2251
4769
3509
1420
466
234
439
4554
1621
4027
4921
673
1278
3849
3802
4197
1810
3534
3343
3614
3506
3147
2128
4976
1948
104
639
1940
617
568
859
4198
3973
104
1521
3880
451
4731
329
0
3634
486
1637
323
135
2841
3114
4325
4685
2364
3663
1964
3195
148
2199
467
1241
3318
2708
4268
1820
982
892
3193
2388
2078
2875
3979
2751
1303
4403
926
1294
298
3673
3542
1142
279
1999
1912
281
3843
308
2280
1692
536
249
4262
1456
4069
2172
1574
2984
634
1899
1921
4435
4829
2485
4686
3467
1482
1319
4157
1185
1708
3741
4653
4406
3170
490
3964
1209
501
2989
553
753
211
3092
4794
2041
3962
4169
4431
655
742
3183
2096
2784
798
2994
3946
471
4942
823
1892
2507
3643
3122
1336
1125
3946
832
3322
1908
301
2272
3038
75
4200
2522
1461
3434
4413
2686
4110
3043
1759
4792
1399
2314
3111
2077
571
3149
3072
2315
4145
2708
311
1052
940
3459
869
1109
4574
4785
2842
430
1326
898
428
4173
1590
828
2265
3036
2677
1503
4010
731
4907
1042
849
183
478
2355
3964
4662
1172
2502
2836
3283
2054
3470
1842
3510
4707
1167
1808
135
3688
2328
3189
1569
2611
3096
1384
1543
1132
1087
3650
1546
1024
609
3378
3372
4486
3367
151
3569
1588
1853
3595
1134
2447
2227
2716
2972
2281
509
3220
2856
130
2623
1790
2594
2153
1848
1816
4995
2616
1931
132
4629
4757
2664
615
213
2520
3910
3996
3952
640
1578
671
2108
68
3518
4857
1743
2291
871
3694
3433
2407
52
905
378
285
950
3642
3655
1566
2128
2708
2074
3866
2457
3737
1861
1297
1264
3633
932
1207
1573
2533
773
2243
2209
2207
2593
4372
1636
2436
307
729
1561
95
1643
1709
3469
3009
280
3259
1792
3668
1046
3906
3995
797
909
1934
4521
278
86
2792
4373
1620
285
3121
272
1680
1310
1698
4436
603
3426
50
2507
3005
2404
1378
4690
3517
4781
19
2389
4873
3424
3714
1576
294
3012
675
1978
2023
2373
16
1714
4948
4010
115
2206
1673
2691
1340
3717
99
2071
741
1804
2398
3488
1599
2902
3837
910
3459
2233
1796
2121
940
2233
4012
349
398
1170
2660
3668
289
4787
4514
2571
836
4049
1632
4289
2766
587
357
3705
3881
3329
1794
2486
851
3873
3772
2225
1487
2403
2018
2220
3626
4800
520
1329
4130
2940
1779
809
2794
110
3649
4816
2494
1059
2099
565
3130
2422
3659
4720
2507
1472
1053
3581
4170
3700
2417
2494
1975
2013
401
2102
819
3986
219
2880
4867
1067
1835
4363
4923
2364
4930
4620
4635
1698
2494
2301
1641
3029
1425
1653
649
3802
2766
4951
398
3635
2424
2475
1772
2955
1554
2800
1602
577
4747
3539
919
4280
2146
1916
2789
2432
3425
4141
4827
3978
514
4521
1533
394
1506
1134
4704
1941
1711
3508
2198
1209
4856
3184
3086
3062
2657
2414
3883
1713
31
3349
4360
2304
2132
1541
2829
1048
3680
781
4530
3924
3809
964
1163
1111
4095
3758
2634
4145
18
4495
754
2460
4036
3425
1176
2922
2957
2322
63
2371
3336
4009
2638
2621
2431
2813
3394
3734
228
2839
136
1325
4296
3902
3332
1981
2574
3430
1550
2927
285
2350
1863
555
1489
2980
38
1279
3355
287
3466
2662
2825
2201
1719
2219
2224
808
3349
1088
4760
3210
3156
4745
2381
3745
4100
4455
3659
4845
1060
3828
2541
4672
1701
2693
4416
2229
4363
3696
3955
3952
3408
3759
1978
473
4097
1732
3970
2441
2552
3422
3172
3924
4394
1218
3997
4368
490
2453
1843
565
40
2134
912
618
4866
2280
4744
4522
2506
4437
1407
2057
3824
4419
1679
1567
4039
3921
1855
4490
2028
3550
743
1936
3322
2710
3742
3990
1798
2864
2187
3695
2609
898
400
4499
609
4695
4053
1692
2679
4389
929
2642
3881
4637
2159
1518
4823
3814
1385
3385
1070
97
4532
2613
2651
4993
2875
2077
4556
817
4768
3750
4841
4752
2290
2903
85
2692
1375
1791
2535
1639
4915
1375
4379
3142
3053
3481
3856
1219
3123
911
577
3679
3161
4937
1185
4118
1707
2666
46
34
2210
753
1001
1760
80
3049
2281
797
4368
2169
2077
912
18
1096
3937
3642
3335
1770
691
4532
902
3854
4130
2703
2007
3271
2569
1828
2694
1728
1571
718
2131
1553
2768
353
3896
1786
2091
1827
800
1843
715
641
2497
1710
2748
1806
807
4420
4993
3322
1184
2390
2471
890
1192
4793
732
4653
169
3877
1833
2327
1810
1100
4728
4369
667
47
4988
3386
1253
684
145
627
3059
510
2150
682
3297
340
3594
4208
3121
1837
937
1706
3352
2418
4889
1800
1005
1784
4023
2181
4281
4804
1415
1039
2332
2320
34
1618
367
2852
3043
40
4157
2494
1809
2850
4670
1003
2715
3723
123
1229
1750
761
4644
3064
377
655
3999
1641
515
1830
3148
2010
144
944
1084
2336
1315
3766
2583
2547
1574
662
957
1115
1236
867
1446
4587
3925
592
3258
751
2312
4668
1464
2867
1387
20
2183
653
3797
2719
894
1250
2257
1954
4231
2370
3466
3774
1035
532
1847
730
4316
1699
1092
557
572
44
147
1634
3515
2956
3997
2735
2164
3152
1669
3711
4490
999
28
2278
3259
4082
2744
1728
1845
4794
3981
4462
4321
2052
354
2195
203
1068
4312
2473
1092
2381
4411
3662
2975
2457
1391
355
154
996
4212
1398
2617
447
3586
2504
1978
3648
3205
535
3482
3926
1412
3417
3770
3687
1910
2026
4688
4539
450
1592
2401
4075
1559
2076
4662
2279
4568
3086
4434
994
1363
4707
797
2761
4892
2164
2676
685
3844
4636
2052
2131
3677
4100
848
1305
3849
2075
3969
2499
970
30
807
4794
2855
829
3595
2319
4460
135
1472
1519
4246
959
4028
3054
4864
2167
3506
2386
1879
4201
1042
3538
4077
1091
1428
1721
3566
1485
1266
480
734
2821
86
4270
4674
163
791
999
1892
2121
4065
4210
3876
2644
2545
2112
421
2066
2977
3405
3685
1039
3873
4732
2053
417
3705
3203
3727
3161
4143
640
2988
746
14
3577
4766
1666
1596
1023
2103
3932
2963
403
4429
879
2990
4412
882
4060
3650
614
3782
13
3101
2696
4647
4944
1657
1705
4214
1572
3139
4645
4927
1007
1174
2201
3077
203
4203
1720
4502
3805
630
1573
1956
3448
4129
720
2504
3859
1964
1193
3539
4510
3349
246
4172
2299
3878
4189
2205
3238
1621
1489
3550
175
2394
2793
4477
3156
2144
3067
2527
2022
4001
841
3903
2686
3907
809
2047
16
4746
1973
4949
4220
71
4821
1182
1499
4297
1538
327
2868
1423
3209
2929
3412
1535
2240
2459
78
762
2083
3106
872
2011
4596
2823
3399
2070
917
3373
2124
4079
4416
1023
3838
2358
4331
3759
3065
3173
4592
2804
4283
3525
2535
3081
1906
4652
3045
3783
2804
2030
4307
889
4739
3476
458
1551
2063
1735
228
401
4379
1136
776
2584
2979
4367
1730
2941
4806
414
2261
4114
976
2510
2112
2301
3729
173
4034
2954
9
3622
4025
2872
3190
2081
2226
1363
4654
1176
3367
378
1897
4921
4931
4916
1733
3632
1609
2895
1710
3690
4374
183
4898
4175
387
1300
258
239
4528
4292
2730
2364
4859
3842
3622
4271
1597
2926
2286
47
1305
1552
2463
1731
1444
4711
1289
3681
4171
1607
880
2822
4086
3207
4370
2935
4263
3053
1875
3192
1850
4360
4804
3874
2816
2927
3574
412
913
1504
1982
4725
337
2153
87
237
4414
3184
371
835
4385
2718
3075
977
1332
2907
2476
3513
3652
4167
2963
4944
1520
708
1397
2102
3624
2251
3583
1402
2964
2041
1478
888
3749
1229
333
1933
1726
3425
4478
1546
4925
4871
1453
2765
4244
2439
4656
1945
4875
2851
2866
2650
1519
2850
2190
3364
589
2115
4083
1057
513
313
441
2773
2310
312
1969
1319
4944
4626
1334
1091
2218
2112
3849
1807
1059
2167
1108
4246
2975
4551
1292
3328
526
4592
4575
1129
1728
1186
3447
52
4548
2777
1160
3690
4630
2276
4830
4015
1203
421
66
811
1606
4992
3303
749
1485
2190
3187
3802
4356
835
2498
3409
3908
1755
1941
1787
1869
2563
4376
1717
1768
1452
3303
930
2965
2389
4000
1335
978
2429
1872
3378
2328
511
3721
2447
4633
1421
2955
41
1557
1210
1356
3498
258
2263
202
736
1351
1492
61
1
2876
3279
51
4231
668
534
3531
4705
932
2241
2032
4117
4866
2919
334
1882
1857
204
4203
4398
2793
4012
3292
2127
1076
4771
2558
3036
2985
3776
3067
2823
4248
3034
4928
1767
3188
2101
3068
2027
671
2967
888
1911
3806
4460
1268
811
2278
4787
3670
3465
3390
1039
3116
4317
3908
2431
5000
3153
4406
3484
4317
4396
695
1359
3127
2535
3071
2411
840
244
4768
2088
2489
3383
3625
324
1257
3221
1278
703
4584
1359
4940
363
2738
1183
4366
3764
1136
1134
1723
1398
2441
895
2581
3508
3567
1184
3514
2127
144
1972
2618
2317
2917
4229
556
1986
2772
3000
4087
1746
1336
141
552
1222
2140
1152
1823
4572
4601
664
4592
2799
2435
751
4236
3120
1896
4863
4736
291
4903
2378
4705
2737
4614
4983
3811
2804
3562
3102
4068
2094
461
495
289
1434
3376
2823
686
2150
4964
4639
363
4930
1131
3159
3481
1052
184
3331
258
2911
526
3445
4392
1519
4979
4008
4689
4586
1305
2699
4624
186
3269
1264
1663
2310
1512
3672
1119
488
3170
416
2559
4278
4267
4222
3156
4097
4289
1503
196
3388
3641
744
1438
4953
164
2809
4231
4246
3765
3706
4656
2219
590
1234
2879
4965
490
2001
3979
4828
238
2326
1534
3587
4834
1071
3976
2420
3393
809
722
2497
4813
720
4464
3845
3697
4439
3798
4764
1084
1585
469
4380
4515
88
1418
2335
1276
3406
2319
3135
3396
3798
1130
54
2876
3994
2932
4595
2503
1443
401
96
3925
448
3731
977
215
729
755
768
3384
218
4669
3613
4027
2330
3994
1100
3180
2746
3113
3255
594
537
1947
2337
1330
2434
3371
1594
2179
4043
4392
408
4313
884
4356
1885
2051
2686
4725
2410
2756
4625
374
2821
3123
1990
4910
2059
3663
2610
3220
2145
1842
2392
4015
805
723
3454
1583
1310
4838
73
2572
1991
2674
3702
2819
1579
3965
2957
3374
3682
3875
1010
1503
4227
2628
2009
4017
3578
1392
1786
3010
2964
1257
3519
1429
2277
2313
2898
2191
3298
3041
1940
2315
1036
445
2780
2465
3919
41
1469
2176
3186
1470
1632
3357
4553
806
3274
3007
740
4630
880
4126
1235
3813
1351
2119
4492
1916
382
4785
4951
1360
884
1528
2566
3612
1508
3810
3652
3648
4637
2930
705
3026
33
188
12
457
4663
4267
4970
2032
4447
443
2463
4215
3768
3865
3917
1015
4981
4577
2603
618
4919
2714
636
3289
3150
1432
1253
3637
4448
4581
1197
2251
3954
2960
3931
465
498
2220
3280
1890
4028
802
2399
2074
3406
4908
3898
2526
2870
23
223
1596
827
989
336
2780
28
3857
3550
1706
3138
2214
888
3607
3582
2537
2688
3865
280
2153
986
4140
3195
1919
1647
4043
2531
1764
3200
4671
1979
4423
3653
57
1668
3942
599
2830
2660
368
4579
483
963
2397
3916
324
1489
2770
1381
4694
1505
3601
564
1177
4534
825
1982
3297
4307
382
186
201
3828
705
3486
4215
1098
4327
746
2123
3377
1850
1107
4871
4575
4641
2856
4383
1018
4112
2210
2697
3100
2839
3252
4872
2976
4325
241
997
338
2204
1150
1356
3449
669
1825
3989
1803
1268
1910
593
3154
2556
707
3057
1678
4061
272
2258
451
1958
1656
1303
387
2208
548
672
2953
3098
3463
1065
612
1160
1768
3509
4918
290
2138
841
289
4172
1743
2873
3661
4131
2795
645
1307
3396
2703
769
3130
4270
575
2521
4253
4226
673
1609
4095
2723
939
1253
1445
4055
4150
4266
4187
1760
3108
3509
3328
433
3552
853
4254
4283
1642
4294
666
3029
3896
2955
2344
170
1629
153
4462
1321
141
3512
2521
2229
4842
2463
4763
725
1763
2764
4025
2453
2771
2278
4860
657
4617
3460
4145
776
2702
2553
1207
2299
3381
3675
139
3393
853
1368
1173
2457
4993
3693
1732
1272
1568
1711
421
1595
3690
739
834
4570
661
1431
937
2529
375
3218
4096
3569
378
695
2063
2359
2894
2064
4912
4270
1300
4708
395
3184
311
1152
4425
1303
590
1017
3838
2174
425
4510
4405
918
157
4943
3184
751
994
2624
1206
2028
1638
1603
1040
2921
3770
2644
4575
1249
4347
4027
3635
1511
2149
4311
2313
1277
447
4850
3839
2648
2930
1920
1106
3764
393
2983
4836
4776
3598
4673
4783
4627
212
3675
360
4315
2613
4833
757
1591
3779
4367
4133
947
4320
4299
4572
667
2751
3603
4728
262
3323
613
3736
2928
2957
894
2414
4033
3391
2750
729
2930
4489
1788
4700
1232
3467
3728
4517
318
4978
1731
2293
4326
3809
1446
1089
1882
2631
3381
2493
2958
3760
2593
615
2854
2410
2859
4447
4016
3686
1280
845
4351
2543
1478
248
4052
2779
3258
1432
2453
2199
3837
2144
2798
3056
3670
158
4951
4644
3809
2276
4866
2905
2147
4840
467
2168
3190
1677
4325
4352
1250
3050
2082
4647
1929
4703
1537
2708
4324
2810
2841
2343
1197
28
3526
89
3040
3572
3632
3518
1814
2626
1709
2170
1201
2270
2696
3232
2490
2692
4264
2842
2749
247
4599
1084
4891
2268
4726
3336
2090
4027
4095
1855
3829
1822
1484
294
2141
3823
4099
2046
2425
2862
1527
3258
1974
2309
4109
3277
1444
1808
590
812
3301
2552
1829
930
1305
861
3094
4135
3789
4089
3200
2810
2358
1945
3516
3837
2844
840
28
4753
240
1833
1726
153
1754
4296
1869
529
3497
2677
3275
1619
451
2834
3876
3128
3490
185
184
2746
526
639
4226
2677
4688
3864
678
1125
3293
85
3251
3945
1209
556
1883
982
1678
1320
4565
1175
3682
3101
2653
1617
3101
3177
1846
2900
2781
1538
597
3225
3619
3578
3954
2848
2712
3231
473
552
2840
1521
1244
3577
454
901
2206
4702
4846
221
2407
3099
1710
2284
1688
556
376
2769
4106
1144
1750
132
308
2965
3608
0
3346
1942
4007
3748
3684
2222
1138
4026
3168
3201
834
4814
2980
1363
3020
4140
3928
4764
1774
4235
2972
530
2348
181
1983
4233
4161
4867
4127
3084
3193
3526
1489
2583
4172
3241
1722
4448
3385
3809
4622
4873
4901
1607
2340
2047
484
3510
1986
3321
4340
387
3426
4024
2549
3028
3309
482
2245
3409
1611
1280
1099
4259
4910
4168
2412
1510
877
3815
4853
3985
277
2090
3741
387
88
3108
2547
2126
2687
628
4512
2305
2852
1013
967
4305
2338
2213
1257
4344
1940
3996
567
4620
2495
1588
310
2540
362
4536
76
2712
843
337
4803
3764
4267
1699
711
259
1988
1883
1467
3351
1142
48
1669
1598
3786
2351
2274
883
4229
1411
4806
410
452
3038
548
3537
1341
4319
1190
449
334
3139
1663
3078
855
3798
4501
4690
1687
520
4310
3934
2309
2768
4311
113
2423
1927
2446
2627
4076
3339
4653
1433
4578
228
2716
2445
194
3087
2377
4309
2060
4015
4720
51
3379
3952
2051
4104
4541
1501
491
2876
3488
2413
4060
1726
1270
2021
4823
4793
4525
2420
2338
2413
4209
1505
5000
475
3251
2452
3196
4174
972
1245
524
638
4195
117
4040
838
817
3609
633
3427
4653
2628
228
4900
119
1298
3044
2191
527
466
3184
1368
4821
1097
3820
215
4585
2314
4031
773
4921
3764
2119
925
4680
542
4766
1123
2520
65
867
2443
3300
2716
1226
1912
3074
1541
1569
2014
1538
3857
2472
4158
4691
1938
4379
4710
3782
3283
2676
4849
1546
353
2433
4233
93
2484
2545
3151
1531
2138
3922
2331
2071
1077
3726
3107
2922
1216
591
4965
793
2581
2964
3559
792
3479
2657
1910
1312
2761
1692
1486
1663
3038
2332
4369
551
3371
1357
3692
2399
47
4843
1638
3349
1061
3175
2741
2757
2087
630
110
1263
1771
4006
2734
2707
773
1737
562
3488
316
3207
263
340
2880
4883
1560
3052
3951
840
3041
1622
4589
656
2296
1390
4766
4663
1917
1713
650
3952
1451
1464
2895
3189
3030
3893
3005
498
655
163
4126
1579
4102
2798
2494
2229
4171
606
3254
2098
911
2221
3059
1032
2956
1970
4476
1830
3162
8
4507
470
1264
69
4734
2580
2343
4379
4961
2722
4021
837
998
2433
817
52
510
623
3647
1464
1348
2755
2876
1224
1028
3724
2580
3273
4302
1436
3148
1595
2828
964
1892
401
2476
2138
989
3055
4347
4656
2419
4218
441
1213
1053
2100
1308
936
2333
2467
1746
197
731
2175
2100
3800
3726
3321
1522
3410
3979
897
4730
3986
2214
151
1159
3331
295
246
3394
1445
974
3012
2574
2484
3201
2878
2663
2473
4946
2800
1455
2144
2417
2571
2560
1136
2207
2809
4254
705
4175
756
3585
974
341
4068
4019
3135
3495
582
2558
1869
3963
990
1910
3532
1876
4120
4438
3331
1444
3351
3913
2304
3038
2933
4483
3196
2190
3523
3362
1734
68
1072
3566
470
518
4307
2031
1273
2681
2479
1802
2634
891
1719
3929
2594
188
2414
4667
4963
4415
4729
815
2242
1101
2297
407
159
3137
706
2538
3474
2400
4817
3994
1047
1470
4536
3652
608
3782
2573
4374
3450
1238
2671
3135
2862
4191
1312
2903
1128
252
2050
1590
1069
847
2903
2203
3677
4167
2364
627
2485
1085
1151
2932
632
939
1794
3825
1767
2161
1114
978
573
3956
2008
3194
4715
4670
4942
2609
690
3908
1123
4881
4371
1341
647
1006
1720
4298
3869
1870
2655
2728
2996
2329
1050
3123
1059
4791
1409
872
283
3034
722
680
4001
1819
4214
3472
532
4557
3954
1952
2955
2763
28
2131
4465
3555
1198
995
501
2761
3927
1534
2291
184
4766
1115
1594
4985
4568
1289
2402
3276
4979
765
3462
4402
3852
4767
469
1758
4654
1286
2047
3264
64
4291
4984
3394
1556
1626
2440
4955
3028
704
2756
1551
1340
2564
3471
2232
1548
2187
788
4229
785
3654
2859
4902
1380
3609
2478
1436
815
606
1936
2834
4510
2877
3089
1295
4487
1557
72
1308
170
380
4908
2149
2394
3195
2764
1631
93
1511
1085
916
1095
2002
417
2774
2884
468
4903
546
2117
3318
4542
3252
481
915
4878
1953
195
610
4330
4892
4041
1148
1814
637
425
3072
2049
3734
2082
1020
1216
3217
4518
1737
3262
4428
3
4923
1495
4756
3387
4644
790
4699
1474
2703
1505
3305
2241
1056
3406
16
4560
2209
4463
1515
1653
3222
4560
3232
4301
3064
2485
3337
3287
852
4245
4046
701
75
2802
2722
2785
4178
4436
3081
4752
3855
1166
1192
4338
2534
3237
4173
2953
4193
3327
221
2932
4212
4437
1804
1451
938
1784
593
4242
2858
4351
1742
4773
8
430
1879
990
4844
464
481
3867
4643
1866
2309
1395
2069
335
3973
1894
562
2472
4446
2433
2460
2776
710
228
124
1866
1751
802
1412
2812
4266
1491
1798
4217
4868
1112
3543
2730
1279
2402
2001
3432
1331
3192
532
3398
1582
4855
3033
2218
710
2351
709
694
3145
3682
1073
3737
3831
2492
3944
2393
1695
4468
2916
731
4252
4164
3486
4435
4957
4058
220
1458
2918
4795
66
1183
3076
2643
2635
861
2813
596
1374
2122
4837
980
3174
2637
946
2101
2194
3981
4551
963
4469
1033
922
356
1971
1520
3135
641
532
4064
928
998
56
2646
3297
2722
509
4634
2231
1527
2302
1141
1890
2745
3972
1233
2790
4830
3177
846
3317
3304
2295
3104
3996
879
1800
4289
2458
1221
3312
2580
3294
2524
678
1755
4426
1073
2367
4086
514
2434
936
1937
3355
3179
2405
4260
3742
1828
1406
2040
1561
2446
2875
3165
996
2975
1353
2123
3429
1570
3036
4385
3604
1051
4417
3172
679
3202
33
1831
2407
4495
315
3053
4644
1512
2572
2421
1414
3947
4023
635
2893
4707
1387
849
3234
1139
1705
1932
2866
4600
3423
3731
4020
174
2588
3021
2528
1793
4055
2113
270
855
1624
1652
4260
4676
2330
506
671
3341
2457
51
4895
2620
3223
471
795
1497
1440
4567
3838
2119
1435
3053
1558
4611
4984
3116
326
1871
593
1340
2358
2409
1431
3131
4892
2710
4662
3337
334
49
2092
879
549
1667
1959
2428
320
1750
4714
1728
3986
1587
3980
2967
3965
3327
2450
1179
1489
801
1810
4474
1928
2236
4834
2821
4746
2501
1555
3122
2164
4146
3061
4256
3201
1552
2777
1059
4366
117
1548
1291
236
2134
192
3988
2330
4029
594
2930
906
3482
2978
4042
3411
654
1297
2971
3618
3318
1271
2258
4796
678
2766
2555
3619
2590
1056
1857
2355
1617
468
4950
2743
1216
2173
1768
84
586
3277
3251
4334
4906
2432
22
945
4239
3321
979
1182
535
760
1688
1359
4281
4835
39
2090
1638
4624
260
989
255
4689
4259
3871
2220
2289
971
1329
4612
44
1456
2390
161
3640
367
9
1509
1109
4141
2689
4790
3087
702
3994
1691
353
437
4429
1907
3618
1927
3223
2896
4012
1921
2621
3466
3202
49
2080
3104
2882
3941
4770
1292
4925
730
2976
919
845
2790
1241
4659
2643
118
1764
648
2677
2825
1510
594
3160
1716
942
208
2387
81
698
1413
3289
1381
8
3795
2425
3078
917
575
3395
2689
2990
3717
4750
4245
178
2109
4003
1247
1619
165
447
1904
337
2356
1924
1054
1607
2643
4265
1066
729
3321
4856
690
4082
889
4459
3879
3893
3595
2722
3606
4772
228
4938
960
1460
588
237
3777
2217
1185
252
4828
110
1757
1754
802
3414
4413
3812
1054
3510
1115
2128
2244
1286
3047
1963
2980
3493
380
1873
1562
4586
1656
3445
4969
4243
3104
4609
2566
4854
4733
3165
1070
677
2370
568
1598
2204
2790
2075
4380
4568
3027
709
2932
3285
1826
379
2203
706
385
4105
2041
700
3834
543
4849
1481
3207
2635
1207
1320
1645
590
488
1513
2900
170
4968
2971
760
427
4072
852
1547
39
228
4097
1793
76
4969
2391
312
1468
3598
4061
3170
34
4453
2393
3980
4840
3842
2752
2764
1941
2891
1969
1592
3653
155
1315
1564
1855
798
739
1582
1183
2791
3091
2936
1326
2822
2554
4317
3303
1636
2521
3620
1352
3903
4676
4318
1095
4114
2245
3545
1771
884
1468
79
525
2596
1643
2684
4899
13
1653
3450
4305
1282
3940
1424
355
532
1600
1224
4250
2735
2725
919
1698
2951
552
4236
477
3294
4840
1585
1559
4689
1249
1158
4807
4820
4412
1128
3286
2503
4405
1585
1496
2412
4719
4435
4063
345
2586
1635
393
3177
2449
4339
614
779
4448
1899
3713
2313
1979
3069
4146
1800
2433
2229
767
593
4163
3803
3018
2501
1524
1602
1419
3649
4896
423
3017
548
3910
2834
4280
129
3259
4022
76
524
368
357
3410
1542
4104
4713
4104
2281
1977
4507
4052
1952
546
1757
6
1060
38
1745
1912
4107
4184
2574
962
4979
1294
3502
1624
3195
4402
2184
502
2940
4277
424
1905
3401
4478
1116
953
3771
4246
3388
3045
2927
4095
4439
308
2399
1206
4661
4001
2338
3438
1459
2706
3624
394
1843
1032
2160
4107
4477
1937
1736
1842
3319
424
4348
3262
1115
798
1854
2395
770
1132
4430
2148
1833
1277
4109
3083
1777
1809
3370
2026
4185
4071
3347
1304
1031
4881
2101
3220
4369
4707
683
1568
4978
4333
3082
4480
1743
166
2236
545
3286
2739
890
3156
1344
4751
368
4346
1568
1607
1129
4493
395
4880
1968
4431
4751
1848
3888
2427
2797
3237
3530
4050
2089
4454
925
2895
2297
1700
4157
4237
4353
158
3669
2199
705
1294
1975
1889
4109
4327
3702
4991
4250
130
431
2945
2293
1058
3628
583
2081
3495
3019
63
1233
4060
310
1654
4659
1451
411
3906
301
4263
4772
587
2725
4393
1837
377
954
4067
2368
264
1530
3507
2919
4414
2323
3051
749
4918
3905
443
4401
4925
1228
1389
412
2295
1010
3109
3369
3928
3014
4956
1500
818
561
4294
1063
2836
2237
617
3933
4163
2576
4937
3438
4095
4900
2026
4106
2999
1174
1358
1533
3574
268
2112
2257
2872
640
3396
4374
771
2129
1244
397
3600
2631
3597
4755
863
3235
1821
4522
689
1998
1718
4772
190
2159
906
2101
3929
52
2580
1731
1108
2377
2821
2767
2782
4570
2651
1447
4726
21
884
3272
2569
3625
1310
3223
4856
3822
3964
1634
486
4684
425
107
2191
1950
1829
3773
1362
4851
4759
1098
2362
3591
3821
2226
1193
2167
3032
90
852
1196
1495
4268
2110
3959
3107
1672
372
4979
2273
3037
68
2325
3760
2603
1696
4550
3900
4673
4118
2471
1553
1922
3690
3662
3104
2098
4904
3189
2793
4976
404
3591
1125
4487
3758
2660
20
7
204
3954
1503
4062
2861
675
4185
357
1055
1097
2664
1853
2807
4167
3826
17
2896
4202
3460
3113
646
1623
273
1932
3650
3673
466
4735
23
2092
176
1040
716
1311
4968
57
499
702
3428
1828
2291
4763
2604
293
3758
3489
3795
899
2381
359
587
3588
729
3487
355
1489
2567
4350
355
746
388
3779
3858
2285
1248
1265
1780
4811
4542
958
2931
2521
4393
2418
3830
673
548
522
1208
4199
4515
1653
3117
2843
4104
498
3095
2400
3554
679
1737
35
2136
2853
2941
1987
1549
2744
485
772
3865
3644
2602
4439
724
4755
3778
4909
2425
101
3501
4437
3326
2540
4066
1172
4259
1848
2097
2333
3160
4683
4676
1847
2185
4192
639
117
2162
497
2772
1621
4148
2432
3872
4324
750
4178
2896
1967
259
4376
2452
1007
4845
1434
347
3564
1159
2628
2661
467
3987
3876
3520
1207
3519
2128
1932
1281
3086
302
4845
320
536
2011
466
3443
923
4736
3005
749
1040
428
96
2000
4081
3931
3003
684
2471
2215
3897
438
4483
3905
3755
2063
1712
3026
4809
1804
1992
1654
2731
1805
2025
3174
452
680
397
2440
783
1917
3934
1775
4705
4270
766
3023
896
1669
1820
1343
1228
1280
1836
150
1875
252
4492
3445
3317
1763
1091
3823
1902
3254
390
812
3448
1444
2244
4224
1526
2490
2070
3663
1156
1258
2875
2393
4076
2680
1690
2168
502
3820
163
4905
3371
431
32
799
1631
3683
1540
2072
3020
4824
2373
2331
2394
1146
3123
2912
3401
3073
1181
2710
4362
2835
4655
1248
663
1836
4395
4598
4017
646
2445
4950
1977
4650
3473
872
148
2334
707
4543
1577
66
1184
1177
2792
3662
3052
4062
1033
613
1810
3925
4129
2239
3003
2561
3471
4720
1121
3666
4837
180
1874
2685
334
876
3845
1536
2190
3011
3588
589
4081
2789
422
3088
1850
4720
3212
4675
2595
143
381
180
1678
925
493
977
3966
4763
2721
3982
2573
270
4509
1933
710
2489
1482
1710
2187
1371
1698
1861
1072
4021
3281
3385
884
4538
2804
2520
1202
1131
4594
372
588
3153
4105
61
2964
4625
317
1674
980
2032
4211
4989
1620
3744
548
1031
4205
431
2527
3990
3671
4331
4583
931
1958
681
3510
2626
3127
1012
3393
2382
999
3222
2197
4107
3862
2222
256
3953
3238
4180
4498
2560
1100
447
3460
2747
115
2158
3775
1734
256
3638
812
1994
3034
4185
2218
4866
1075
2012
3407
84
1855
2190
4417
3030
4435
429
2186
2122
805
403
685
4149
1431
725
3126
1796
1643
4385
773
3471
653
1516
2652
2844
2753
337
4956
4963
3036
4149
1967
3158
819
3362
4724
2363
4019
4778
3853
4425
2825
4340
2791
969
1564
1495
806
2728
1190
4891
138
2726
1364
824
2380
2324
3408
2830
2084
2379
1466
4119
4451
3903
2419
1682
1456
1847
4689
4246
364
1063
230
238
2277
1774
4325
1973
1860
1475
1812
3362
2102
3483
3467
1729
3069
73
4350
2708
593
1091
1781
3419
1157
3742
1251
3477
2380
3830
2295
2181
1962
886
614
3401
1318
1336
2445
4046
687
896
981
4386
3380
19
4456
3983
1211
4217
3449
1678
292
4593
2244
3729
4277
4298
2906
2351
692
3634
4428
3371
109
2498
2549
4667
1872
462
1765
1586
2136
4146
1447
2465
2019
759
1535
3177
4866
4637
1995
353
2549
103
1166
448
3371
4876
1552
389
4638
186
3883
3670
1615
4490
1077
4063
632
4819
2453
1994
4202
2380
1815
2769
3495
1767
4508
2732
1665
87
366
2435
3337
2949
425
2953
4304
975
4115
851
824
4075
455
1326
3012
4376
1512
3160
4525
1273
1056
4810
848
4963
3779
2677
1301
2272
2264
1
1174
4679
3029
3928
2253
1854
2682
4154
4040
2407
2251
733
3466
2945
4221
1223
279
1851
1289
1009
4261
1743
1936
3951
3424
4599
2347
4529
4501
3771
2872
3545
4454
1466
3682
4097
2753
1864
785
176
2539
4230
4710
3503
1499
2207
4680
3438
2680
2427
4619
535
205
3572
1892
4556
1670
4567
4807
2488
3909
2808
3332
3119
2344
4945
2845
4450
1705
4915
143
4151
4280
2239
4755
1590
562
349
1793
4489
3184
3825
2374
3125
961
1019
4825
4995
3405
2796
1646
4942
966
4498
611
1339
1600
4228
4899
2133
688
2482
2929
330
2694
3944
2377
4079
129
2118
3338
3941
835
2303
2499
3629
1233
896
1670
431
202
3975
1877
1245
589
4455
1017
1687
237
4317
1749
1959
2067
3214
4017
1329
386
1271
4161
934
1587
4279
4545
4094
2666
1809
4410
3145
4918
1498
1641
2606
2142
394
4341
801
3033
3130
3147
3307
468
2177
1895
3638
3826
3796
82
4657
1879
1708
298
2687
1461
4318
1723
1424
2814
881
3503
1444
1080
1387
3439
1017
4640
1384
136
3846
2025
2609
4946
4824
750
4636
3972
994
4776
59
30
3940
4004
621
3122
1504
2259
777
2645
2592
4944
4828
1894
2119
2817
3663
853
3528
4892
1291
4503
2274
343
3927
3572
4679
4527
3488
4213
2286
4192
1718
4181
2925
1838
2210
1727
3932
521
370
342
3603
4613
1750
4464
3895
4725
3207
4728
2897
874
1747
1888
123
1754
1166
3833
4128
3380
4522
846
1640
2536
4087
709
4131
1141
2515
3134
1011
281
3469
390
3096
3898
2246
2659
2516
899
3707
1482
3577
770
284
1778
3404
4987
1758
393
398
2892
2346
981
896
4308
3751
817
3768
2319
3861
1610
757
1037
1226
1579
1724
1291
1220
2282
1782
4606
2354
3652
1477
1044
2253
203
809
3639
3762
110
4148
411
2740
2508
1599
4377
1756
4988
4415
2758
4464
4558
2917
1747
4395
433
4767
157
935
2464
1832
1293
1592
1370
2456
315
3733
3664
2963
2896
1127
3629
4093
4529
2145
2953
2326
2112
2581
3606
815
4730
2937
4070
3650
2146
3978
920
2160
1625
2252
3261
786
1881
3089
3038
3954
3779
1011
1295
4442
3111
2212
2818
3323
143
4599
3340
1404
3498
4726
1245
716
4242
3627
2919
2712
2505
4207
2777
3504
1573
1382
3001
1668
762
3660
2160
4218
2295
11
3998
2634
4143
3990
2325
3607
508
4107
4918
3192
3628
118
38
4462
4443
3730
2658
832
4575
217
3241
3251
1227
283
2478
1175
4557
2154
4752
1920
4617
4482
4228
2714
2277
992
2277
1537
2905
1725
2191
13
657
2890
373
4894
4103
686
4343
1515
2552
448
4339
4824
1304
414
2695
3028
2621
799
3539
114
2280
754
3413
2678
1950
1055
2845
195
3687
2758
3512
4544
3727
4031
699
3657
1374
1524
4557
3502
988
4807
339
1549
766
1068
691
2256
4261
217
95
58
118
419
337
1360
2910
3981
2040
559
4116
132
3416
2868
1120
311
1919
4722
1990
376
3132
1581
1428
2562
2350
1502
1585
1388
374
3143
2619
457
4723
668
3467
416
3788
407
1795
460
295
3554
477
3539
2761
2402
3911
4313
614
3586
4798
2618
3800
2859
4675
3705
4920
142
1755
4386
3689
1856
3135
2058
588
1958
4294
2119
780
2421
901
4761
3939
4384
3041
2718
4819
3392
227
1347
4064
1643
2205
4213
2291
3767
1843
2977
2587
3181
4632
1690
688
362
3324
641
3942
2248
2206
4353
2229
207
2542
1385
2876
36
645
1138
545
185
1059
2309
1069
4612
1714
3814
1994
771
4396
4512
2072
3205
1521
399
3858
1306
7
1784
4315
2756
2250
4919
3821
3057
2958
4708
3967
3682
1157
832
1332
95
520
2881
3684
3798
386
2295
60
719
4292
237
351
1924
3039
3372
4272
1890
3738
2610
4922
12
1055
2064
900
42
247
1073
4552
1060
2566
3703
3735
2749
4514
964
2843
1422
3193
534
1101
720
1163
1534
1569
4925
3260
2195
3417
3617
867
4471
3560
1526
4760
1664
172
1050
4720
4055
4572
2167
629
4357
2335
3378
2265
2260
4740
2609
1623
4558
741
335
1227
1533
743
101
185
4929
2134
3856
1736
4771
1008
2375
1617
677
1041
4148
140
44
622
3711
2457
3980
3726
2155
3340
1734
561
4121
2594
1913
2299
388
2406
3618
631
4649
3635
647
3601
304
1298
3214
2868
4644
4478
4696
4239
2676
3076
3589
3790
2734
1765
2965
4453
247
3114
3334
3535
716
3524
797
4602
110
4061
2214
892
3762
2713
2059
2554
4317
2785
3491
750
1196
1412
4856
2427
4391
476
2744
4795
1141
3776
1138
4479
4041
1912
4998
3716
1016
4892
1912
3550
369
2392
2289
2878
3733
3258
840
718
4618
218
3598
1151
1912
42
4856
1253
3090
2806
4734
1361
2607
970
1336
53
4108
3765
781
4917
45
1696
4287
1245
681
1265
899
2317
1813
4722
1089
1289
4543
705
3211
2380
4755
4593
4658
1713
320
4738
2232
2550
4806
3158
196
4762
3639
206
2853
3705
1072
2799
3255
3802
913
2333
1028
302
789
1986
2967
1176
4908
2267
2369
2224
3673
1195
101
3625
1269
2669
1672
3145
149
4034
1993
198
4628
511
2938
209
4415
3066
2443
2230
2579
485
3875
2598
2885
122
3254
2675
3597
4685
341
4584
3697
4278
4000
1804
2149
3803
2325
543
167
247
2102
4510
1325
1595
99
2945
908
2368
3562
3006
84
1749
3798
41
1093
1159
1309
408
1848
4759
2087
1564
673
3721
3587
3675
487
972
3923
3099
935
944
1836
2519
364
3505
3972
1689
3977
4465
4039
213
4917
1818
4651
181
2036
2306
2344
3895
1402
2642
2337
4756
4810
1415
808
4370
1322
1814
2108
3268
3553
2938
4942
1289
4225
219
3209
2170
4094
1885
2489
4392
1669
3754
1798
1325
2661
1997
205
4398
1608
2196
2009
1340
1343
3567
3383
2054
3431
3796
4943
4805
3799
2538
3660
1190
2084
535
3611
267
965
1835
335
3546
4852
2593
2208
2240
3477
2470
2811
4940
2451
2349
190
4628
1500
1070
2839
2474
3973
2832
1716
1444
4282
1173
228
3251
4744
3174
1050
79
1492
476
1369
4839
3820
313
2988
2817
3353
2402
3261
4226
3826
3327
4176
8
200
4100
3444
4178
1328
3876
503
189
1627
2578
3546
2180
3849
4841
4963
136
3813
1178
4703
2012
1691
4590
1959
3082
2066
2062
588
4630
4067
55
499
2069
629
1856
4449
3075
3013
396
4290
3856
747
1233
2261
4061
471
3079
1000
3888
4153
2949
670
255
2800
3498
619
994
3241
3267
3908
1612
2563
1837
1060
2697
778
2460
3433
124
544
4265
4718
2817
833
1449
3429
3907
3590
2894
3806
4010
2552
1333
3538
4326
3803
4315
2230
3434
3759
4394
3410
2002
948
222
71
1177
4794
569
2226
242
1303
1077
2214
3642
2466
2258
904
4935
692
3872
720
1757
4898
2803
1606
1500
245
2486
3562
4824
3688
3358
2220
3097
1263
2089
2438
1023
3245
1512
1054
3538
3728
1044
2215
1442
104
4843
3664
2589
367
2761
2684
3281
1251
1304
1862
3636
3621
400
4903
1257
646
55
3939
1943
4991
134
1104
3760
309
366
3478
3471
4169
4090
522
495
4908
4343
2462
1763
997
3383
1747
614
3508
2077
3599
3496
737
4566
3757
1674
857
1737
4456
2996
4512
1821
2879
3529
855
2450
2332
3149
2490
104
1855
340
3618
1356
4867
327
98
3928
1855
2166
3842
2423
3295
1222
4285
4196
4310
4819
2288
272
1715
2069
2370
2380
3791
1638
1843
2971
1020
75
1603
326
3750
977
221
2871
352
2349
1543
2909
4010
4674
4226
2773
2218
2487
2658
1179
2092
4439
2117
2853
549
2905
2675
3011
2472
2354
3640
2523
4990
634
3916
630
1589
1540
2438
1214
1734
4440
62
1320
3047
2202
3261
1090
1360
3008
2604
1088
3671
2106
4197
3833
4020
3922
4578
1246
3858
946
373
3656
4837
4012
2342
4175
4137
396
3232
2382
2266
1634
779
3136
47
560
3649
301
3579
4335
4560
4503
1066
2700
418
3108
1242
3669
3881
563
4645
1944
4616
2431
562
4414
3341
2683
4838
2667
3901
151
2612
2775
1423
4211
261
4939
1352
2649
2347
4420
4345
639
3324
3361
1930
639
3548
2158
4987
275
3437
4097
750
4726
4844
439
1381
4871
4073
766
348
3753
1005
3774
2362
4661
4030
1607
1266
2970
4154
4854
3511
915
1791
214
4565
2019
4627
409
336
4902
2923
4001
139
472
3216
203
296
3283
3122
2886
555
1842
3999
984
3149
311
4353
3828
4304
2222
2943
4604
2780
3151
3023
3870
4454
1431
3863
1839
3129
3247
4958
930
2333
4655
4398
3872
2594
3278
1419
620
590
543
1118
4299
2578
320
3164
1764
1498
1461
1941
4048
55
469
2026
3431
2661
4984
1386
2907
3921
4598
4963
3145
3838
1383
4907
3888
1191
4360
4416
3732
976
3084
3186
3290
3910
1303
2052
2901
1773
903
1383
609
245
4458
1053
4053
4623
667
1370
15
684
3104
662
4416
1598
852
1605
2333
3045
343
3390
157
2625
2890
921
834
1096
4213
2466
1925
490
3025
3457
3215
773
3559
1566
3396
984
3581
2372
3793
4963
2557
357
4816
2950
313
4517
2526
4906
4172
4481
2180
4103
1778
4539
1151
1507
3549
284
4528
2885
3238
4193
3541
2829
1229
3533
1086
3746
4269
2244
1125
4159
3342
2117
4055
1589
3813
1886
1009
4335
4627
4434
1911
2312
3074
3522
3440
2857
3577
2715
4723
2206
3365
3927
1331
4811
2151
3656
221
2223
489
2838
1837
1619
2123
848
4269
80
1859
2985
381
4726
1251
1704
4690
276
3597
4263
3854
2786
3748
4497
790
4985
4028
1362
934
1596
4248
4955
4864
2130
2385
1144
4334
602
361
4991
80
4585
4745
1757
3137
3556
2766
3093
1512
1567
3922
4786
4768
2525
1910
1114
2671
2850
2967
3703
3467
2114
4180
3188
3768
130
2339
4451
3462
2522
1275
4873
4954
2140
1592
4403
4115
378
4179
4994
1562
3346
2217
3762
405
3544
1780
106
4646
3283
3606
4168
1482
3354
1487
3377
1019
4013
4387
1906
55
2300
4844
2839
2925
1735
742
839
3554
766
2126
4675
708
2709
4896
3643
1860
3784
628
3194
4766
693
4651
596
2240
2145
4168
3677
1947
3539
1073
2411
990
4842
972
1258
3548
2421
3723
649
3894
3543
4982
4667
1933
2883
2495
935
4586
4505
2106
2534
4414
1916
600
2504
369
4613
1738
2241
3111
3006
4421
2485
188
4925
891
828
4408
1944
1208
4061
656
483
4981
3852
1879
3702
1484
2873
2960
1479
3561
4477
1644
1582
162
2366
373
3962
3067
3219
3964
3344
1377
4943
1365
2891
1806
693
4690
4575
4233
3719
445
3956
104
2610
4665
1415
2700
2192
1764
1552
4756
4054
2069
4934
4417
3355
2830
3721
168
2042
4485
1591
3874
4496
2016
3485
1659
3542
1630
1293
83
2944
3140
4206
2520
108
578
4653
1695
2130
2617
217
279
2521
3199
2286
2530
2835
609
4183
410
4114
1045
3339
1058
4319
2983
2154
242
2855
702
4537
4687
1278
3306
187
2910
3257
3546
4051
4198
4206
2060
1019
246
1336
256
3730
807
211
1591
4992
1712
4315
4946
4408
723
2192
962
4429
241
3154
1999
2214
3441
300
1113
4351
1153
3411
4561
4194
2505
2098
3629
4309
4990
1017
222
650
2317
256
4253
1227
1169
2834
3300
3259
3813
4833
3893
2122
3340
671
755
2342
4020
4068
1134
967
2318
3899
1039
267
1956
4843
2838
3973
4446
2017
4904
4124
4797
1274
3207
3386
519
4422
4647
4208
929
3863
4834
478
4850
366
4598
2986
4576
72
4600
1301
612
3573
714
361
856
4584
3578
4782
893
3881
2129
4166
38
3173
1670
2420
2306
3477
694
569
2076
1891
1599
4031
360
1645
3672
459
812
3960
2335
422
4844
39
624
3713
3943
1973
549
1467
2608
4298
248
1847
1533
3438
500
29
103
3674
2316
3176
250
1803
3508
3743
2447
3339
4574
2697
437
2352
794
3148
355
14
3218
1265
1942
2416
1792
3586
1662
250
1236
2318
2938
363
4086
3007
3471
3446
1625
137
18
3207
1339
4486
3229
27
2300
1059
3407
1530
1396
3732
3434
1300
4274
1327
1246
37
174
3181
2186
1850
3531
4112
650
1887
3997
2752
3310
3101
4306
202
4074
3400
2551
3254
44
1216
2298
1930
902
2266
2847
4789
4570
2989
2711
1679
940
4823
1331
2710
2837
2957
4567
788
4708
4465
3542
967
1871
2924
180
2198
3539
2549
2918
52
3337
2491
3688
1461
286
1057
3566
1423
2690
2610
3673
1605
2017
4105
624
4429
3607
41
1098
1429
654
2824
893
3351
4273
319
2404
404
4246
623
84
4477
2127
4218
3546
477
3600
4191
1443
3886
1481
69
4286
1549
3668
2467
1604
3828
4817
1579
2126
4128
2789
2797
3091
588
2358
2486
442
2986
1417
3503
4782
2312
2995
493
3901
3838
2766
4442
4332
1088
2913
4624
3843
1130
904
1138
415
3824
4693
2756
2273
3147
864
364
1580
56
3822
4536
2058
334
928
3011
4299
1920
3573
2051
1135
1390
4929
3649
2754
3706
4497
2136
2524
1249
1148
3775
3933
3043
1593
1608
1852
2190
2569
196
1386
2930
1512
2090
1149
2758
4821
420
2256
2764
3492
2807
2534
953
82
2576
3810
4244
2377
1715
2815
1554
2661
3662
266
3323
4281
4715
2988
3716
4399
2023
2990
762
4585
1142
4248
3939
2041
4285
1522
3607
2477
3946
2902
2148
1728
2875
716
2421
3441
4037
2378
2445
639
1542
1699
3732
4687
4225
3169
1560
395
2894
4249
2396
2102
671
3859
1455
933
3446
3861
4403
95
3925
998
1243
4281
3698
4575
1713
136
635
3234
997
2613
4735
2787
1356
4509
2979
4234
1489
2511
1986
756
2683
3929
12
1392
2524
97
2102
805
3648
4397
4498
727
3597
2433
3990
4846
1465
1040
2178
2291
3069
4623
3424
251
2064
1822
2324
4326
343
3302
1924
3832
554
3321
2491
2258
2361
4416
3103
2304
3049
4455
4638
3304
821
1014
1748
4590
4486
1381
4090
696
1757
2379
1451
795
1126
3758
2732
3117
3357
3332
49
3089
3709
4954
3053
19
742
4613
3213
4256
309
2801
753
4755
3218
1711
2853
3011
4547
4072
2715
2661
353
1849
1014
1590
3637
3848
3440
2460
1753
3616
2007
970
1319
3722
2462
4345
4670
1432
846
4068
643
1682
3608
265
4218
1625
1979
1166
742
3721
2873
3169
2537
4144
3074
423
1625
465
190
3202
2742
56
195
3080
2492
993
1704
107
2483
2316
2209
1587
4457
1946
143
4276
3880
2090
4354
1891
4091
260
3559
1964
3250
4464
4515
3804
327
3464
3987
2924
1957
3177
780
3763
3426
1742
62
794
2970
2614
2006
3266
4802
2171
2807
4488
2097
1133
4928
2552
1155
3930
3818
4161
3947
2831
2397
4436
4080
3952
669
1977
247
2928
4146
2634
4305
4169
878
187
3141
1224
1887
4309
4754
3088
3619
4576
3634
4344
1836
2184
2919
3239
4650
4027
2185
4421
4774
38
1434
4958
3451
2134
4811
1937
3816
657
1423
1177
2105
3790
1259
247
4103
266
2308
818
2893
3386
4217
4617
1023
4383
4705
1456
3052
819
4065
3403
13
3169
100
4080
1553
701
3014
4297
486
3485
4945
3457
3106
521
4220
1230
4862
2690
152
4174
81
411
3534
4648
1412
2178
2520
1231
4893
3972
1894
3868
463
2237
2662
2979
487
1148
2959
2465
3290
1288
1774
3226
3436
3110
4935
3653
813
1798
3593
2890
2136
1617
1388
3403
399
1457
3625
3397
4229
3237
3568
3011
4551
2663
2832
2125
4215
2941
3894
3890
1013
3108
4960
4462
4615
1278
1172
2222
2034
611
4893
3900
4052
4233
37
4772
4381
2443
3212
186
422
1187
680
1811
1448
1607
2713
1078
3170
3746
112
998
4799
1354
2175
3350
2563
4653
950
3881
230
777
4960
4132
1335
4392
3887
278
2698
3395
4189
4428
4358
4318
4500
2331
3660
3880
4452
1208
4906
3468
174
1335
559
1545
1394
4982
2806
4608
502
4116
3584
4040
1646
2862
4520
4696
2404
3198
4879
4067
72
2135
2891
3695
1082
4303
3308
4387
4074
3560
3350
4530
3377
3977
2179
4243
149
495
4452
258
3019
424
2094
4068
1764
3772
1549
1650
2130
2363
4536
2141
2881
4423
2434
1329
1765
4680
4333
1501
4144
669
4963
4604
1235
101
4603
75
1778
1556
1311
2501
3066
1564
2522
445
2489
3961
4120
458
1888
3167
1077
1963
3803
1654
4318
4581
2129
2907
3405
4881
2957
1752
106
680
758
1645
2173
711
3921
1111
3395
2392
4742
4440
4257
3439
4240
2121
1779
4761
3255
4275
398
630
1959
359
1081
1095
2821
1977
4871
1199
589
2749
2811
4009
4698
54
962
1354
478
3345
3349
4458
2884
1177
4574
652
1951
603
2402
2993
35
3752
3405
2969
1298
4407
63
4869
3150
1624
2359
4336
1435
2821
4473
3022
4249
1705
1750
879
1744
3626
3223
1575
4366
3106
3788
4289
613
1685
846
571
1680
4946
1139
1258
81
3621
1650
369
3658
3932
76
2079
1767
609
2235
130
1489
1391
2124
1975
385
1165
1748
4112
4620
3280
386
4961
2310
3751
2625
4547
3965
3789
1701
3294
1279
2850
1138
3291
3876
394
356
3328
141
1435
2908
3131
4801
3123
634
1704
2040
2375
322
2260
2112
2381
1548
3945
4966
4816
2612
3252
3241
4284
1437
4564
1925
4317
3214
4973
4630
2310
528
3545
3073
4242
2648
3009
2892
4249
4758
3637
4553
4359
689
4779
2499
536
3626
2213
2337
228
908
2541
1419
2370
3864
2355
138
3108
1388
763
3822
2348
3576
2796
2350
4228
3912
1665
3738
4473
4668
1328
1879
305
2902
3822
4849
3351
3991
357
2126
4844
2063
744
1344
1663
2524
3425
4753
3887
2587
2149
2822
4069
3601
1570
3968
907
206
3205
4709
3573
181
153
861
1321
1285
4699
649
2354
4698
1923
1121
3268
1740
1822
1199
230
4323
2264
3333
4821
3782
1284
1954
892
2118
3532
2768
178
2371
4127
149
4029
3353
179
3228
4243
2457
4516
4672
3765
2278
702
220
4153
840
3311
4762
2472
3203
908
1892
1874
4778
831
4948
1696
4714
4510
1079
3228
670
1016
2951
2760
1420
2985
1469
4167
2701
3071
4692
1800
151
3365
4433
3554
4545
3764
397
3978
4101
1228
2362
1190
2003
2031
4643
349
1928
655
554
3882
2546
4976
805
1433
1138
4811
4179
3907
2692
3508
2484
2248
326
4406
3072
653
3667
4772
3994
4561
4672
4814
4356
3457
10
2735
896
2560
359
1152
2442
1301
698
3006
3499
3248
4161
2962
2275
1215
999
3960
2399
394
315
603
898
82
185
3705
3043
3397
3563
4885
2587
3948
465
4921
1359
3785
1938
3129
4402
2330
1887
2098
4186
2628
4997
1642
711
2192
2817
4834
1894
3472
129
314
1252
4534
221
1067
2200
1625
338
2031
1991
2165
928
3002
2964
4213
1383
2480
1838
2116
4142
1365
1316
294
4929
1661
1776
1917
107
2404
24
3306
3440
490
4474
3853
2617
1574
3054
3986
3681
3525
1550
331
1704
432
2583
3878
1367
4665
4542
3298
1153
1850
4168
2224
1468
88
2159
4696
3690
4022
147
3310
237
2372
3833
3978
2484
4148
2018
3182
4097
321
4673
4391
3307
3587
4693
306
3931
414
3788
2488
1245
4631
2718
4142
703
2375
2826
2470
1247
921
785
1630
2654
2548
443
1911
2721
4482
4290
655
347
2744
919
2629
288
143
4687
685
4
4247
4921
416
1749
3461
656
4262
1224
944
4122
848
4107
2921
1256
4514
4633
1591
1110
2924
1488
2863
2027
1793
4540
2122
3714
637
3201
1577
3333
4929
4389
1022
347
2814
244
567
4194
950
340
419
1872
1557
1672
503
167
3774
3480
4413
3757
4289
1746
4230
3976
3794
2591
4130
528
1712
4530
4317
457
1764
2048
951
1668
982
4682
680
4647
4486
4871
708
531
447
529
4858
3849
1414
3313
4630
1560
3562
3216
3456
626
3524
39
2156
808
3954
2485
2003
15
1415
3401
1718
2656
646
4422
4283
1690
4894
186
2349
3729
4897
2609
4656
3281
1481
1125
2073
898
2766
3440
75
80
4445
2619
4414
3528
3281
3994
3207
862
370
4352
4979
1753
218
4130
4832
3040
3079
523
1700
4364
1865
2275
1724
3313
3265
1442
2745
3922
4752
2683
3646
1412
256
1513
753
2032
849
3379
4211
3624
2518
4757
2384
3618
4266
4010
99
4229
2209
2451
1497
1119
4937
4907
31
1016
4263
4617
3748
227
3015
2837
2153
2698
1268
2272
4721
2457
3579
4305
583
3484
3412
2397
474
746
322
1948
2920
4866
1005
2974
2160
4865
613
2062
4233
4024
2208
4867
4594
1276
3116
2805
3867
241
3366
4613
4358
450
850
4188
4153
4713
2781
1084
1049
1265
2695
4547
3767
2423
3673
4552
3116
4658
1198
3235
375
968
3956
4279
185
3426
945
1264
3852
4089
156
4967
545
1666
2545
3598
2260
165
4558
3141
846
2059
3313
2588
294
3813
2756
4416
3996
2136
4315
1130
3611
858
3039
2127
27
283
678
4399
4696
124
1667
1952
174
2519
39
4263
4399
4562
2094
1073
1014
117
1749
2764
2723
1527
3879
1622
33
2885
2265
4297
1302
1999
3207
3855
3607
458
2760
2132
4352
129
593
2118
4979
437
3034
3695
1834
110
3172
2490
3666
2841
4681
587
2934
316
3863
1208
773
3861
2848
2225
4996
612
1538
4279
3870
4793
1652
3880
2788
3739
3951
4351
3298
49
1843
468
1728
902
4988
3066
2802
2707
4380
331
2251
1469
4250
4585
2397
1479
678
1238
3369
3040
70
334
570
3071
2427
4648
4763
2586
1099
2749
2121
3036
851
3634
3516
2735
3822
3972
2021
1427
963
1121
2500
1193
2214
479
2954
1240
4953
4529
3400
3810
325
132
4247
4083
1461
3702
3871
3748
4376
2582
3521
1232
3597
4986
3860
1838
1775
3341
2535
194
2951
1881
4003
3067
1915
1209
1707
3731
1642
166
4211
347
2890
3454
1619
1756
3490
2626
3621
3200
1495
273
87
427
116
1473
1709
3811
778
854
1331
3083
4557
1104
1984
1135
1027
4205
3518
2534
293
1480
2775
3385
4194
4659
1669
493
1254
2264
2903
4532
1748
603
2305
308
2722
2142
2953
2691
2885
848
2701
2698
278
3519
3587
613
690
2862
3133
2877
4183
4970
139
2827
926
3723
3985
742
2980
3124
4733
1186
2494
501
1574
3751
3034
3434
2460
2197
783
620
3101
3766
2563
2185
2448
2714
2766
1695
1872
2935
2982
4374
4818
4981
4722
2160
1371
3218
3083
2957
4280
3411
3330
4990
1096
2367
1376
496
3406
27
2483
4574
1535
2749
1802
2928
4536
4659
362
3124
3624
2940
1268
885
152
4697
2819
4764
347
4329
1442
3720
1473
706
981
1840
159
1360
332
4931
2045
2602
355
2254
1496
4999
738
1370
96
399
2902
874
4850
2660
2610
1067
2824
1861
453
1373
3553
4766
4147
4331
3897
2818
4598
694
3265
2545
2538
4789
1305
4773
3680
4448
1562
772
700
1123
947
3743
506
3871
1907
3605
3119
2368
3492
1117
1013
3180
1223
2956
4082
743
673
2643
4276
1914
4467
1531
667
4197
4058
65
2031
3301
4957
633
2143
3401
2665
4973
879
2724
2793
4344
1134
2911
262
4784
3475
713
52
1505
2776
4263
712
3594
3317
757
4568
287
1772
3961
4113
1766
170
1419
2987
65
2667
13
2036
1586
2083
62
3601
4165
487
2658
2891
2052
3812
1778
1703
525
752
3598
2028
2710
1664
4967
2874
2376
3448
2489
1860
3893
2110
4532
1443
2032
1476
1077
2179
3333
1517
4047
1995
3048
3753
4328
2410
3291
2086
3769
300
3418
2211
3439
365
4491
477
333
4222
3207
2490
2364
4235
1216
980
830
3775
778
3874
3745
4012
1286
2174
1281
4931
3881
4540
2826
371
845
4018
3840
3984
1757
254
2673
4968
1115
171
3068
1336
1815
3451
2823
4180
2669
253
2915
3882
699
4387
4865
247
1567
3403
2005
4566
2696
3558
876
736
713
3415
1005
4914
3557
442
1470
1737
812
4942
349
2881
3413
3262
3753
100
4655
1832
4052
4851
2435
1362
3339
3204
2320
4269
2263
2183
2840
933
4018
4661
586
4599
2453
1259
3646
2975
3041
2593
2074
4558
4643
3100
1240
1073
680
1085
1014
3113
565
623
1601
610
2157
4439
550
325
1669
4394
731
179
2003
4575
3810
1588
2338
2294
839
4307
495
76
852
2946
3497
3774
3931
3654
4329
1501
4512
3599
3204
3636
4986
301
2408
1953
4034
925
2314
2504
845
153
4965
2387
2200
4720
4618
3990
4513
784
3640
658
4168
4695
3847
4553
1191
2988
1007
3056
4702
4220
3090
2305
4998
809
1422
4602
4760
3261
4631
4455
3924
1140
4254
3092
189
4909
3285
1394
3258
1673
3771
3654
3138
3339
3708
3719
1952
4938
4638
779
1111
4103
1272
4518
4558
406
3485
4284
1157
2043
78
693
4845
1108
869
1428
1563
4386
1601
1608
448
3830
4330
2905
4019
2973
3935
4973
2609
1872
1876
2634
2165
3329
1385
3914
2381
841
2670
1573
2438
461
3943
4920
1942
29
52
2092
3500
2752
140
1134
4996
4402
2006
2141
2417
194
4160
291
2274
2777
2343
4367
3327
4708
1194
688
3340
3291
748
2506
4930
3755
240
2316
242
3708
1680
382
1823
1095
1517
4544
1467
578
2299
896
4573
1822
2055
1534
1618
2323
3380
221
626
3202
2117
1037
1995
1844
1559
2871
3554
1220
1872
3110
1340
1178
921
1398
1448
1020
2604
4075
2234
1058
2776
1898
37
2508
1578
538
2203
2035
1207
3372
4904
1885
1057
539
1641
1601
1990
4671
4836
1203
2324
936
399
526
1410
562
4809
3254
2524
3988
4985
3516
973
4063
3268
1873
1222
2750
3429
3228
1514
1793
4629
3828
3209
1761
1017
4758
2639
4915
1017
3598
1824
4980
1285
1135
1135
1370
1092
611
3825
455
844
4607
23
3081
1980
2007
2215
26
382
4004
3885
2343
413
3491
2115
1199
132
3801
2279
3101
2240
3051
2263
2756
3151
2932
1634
4672
3309
2313
3152
3707
2535
1559
426
3854
4038
3153
4737
841
645
165
4186
3768
4883
3042
276
4227
1602
2201
3563
4940
3229
4893
2797
814
1846
4197
4798
3955
337
550
2583
2842
3053
2842
854
2991
4655
1241
2627
2366
3021
2955
1241
2450
1496
108
2683
98
4448
2987
4646
4841
3277
4275
4562
3064
1103
4915
4734
3349
2785
4929
4502
1348
1895
1768
3170
953
2579
2418
2336
1840
2229
2508
305
4332
3451
848
887
4459
2489
29
3868
2932
2869
3326
4949
2825
2371
4977
3528
436
953
118
4240
3685
3598
4069
1774
472
2953
530
3338
4628
700
2892
3673
810
3032
4569
2612
3402
966
1250
4936
1666
4695
3585
3323
1233
4666
251
3500
89
4330
233
741
3357
4712
144
4533
2341
2207
2905
4187
3971
4282
309
2944
327
4024
2366
808
3234
3986
3483
4758
2299
4521
2165
1521
1270
4120
4468
1111
883
266
3109
816
377
1491
176
3000
2247
3821
3196
3043
2958
3118
4589
220
2568
315
2468
350
3541
910
3519
81
3396
2416
3594
1464
2133
1564
4866
2364
555
1004
4787
3797
4524
2344
4428
1939
2072
3984
3322
1758
4421
2706
47
90
4011
3121
927
4461
4873
3503
1109
1144
1385
2812
3118
4321
463
1692
1452
363
1632
230
657
4417
4480
1045
2835
3006
1383
2553
3271
4589
2752
2325
1574
1753
3405
2779
716
2656
1302
1308
933
1456
604
581
2074
4492
1798
927
3351
2717
4667
4114
2077
3357
4832
2528
3041
1960
3322
3554
1416
3225
1920
4393
781
1654
801
2913
3042
2889
36
4636
2995
2581
2386
3942
4768
4125
1989
1709
3497
1480
2955
2707
4222
4299
1154
1852
2370
194
4213
459
4259
309
3259
3199
1594
1883
110
64
2811
4386
4457
977
2402
2317
666
4684
2996
2122
3704
2075
1908
1571
939
43
4421
629
986
1930
1606
3202
4785
2733
4884
946
2565
2094
4133
1302
1368
4092
3554
18
3464
2792
2805
1489
2453
1848
4406
4563
581
696
5000
2659
3142
1378
2682
1794
1416
478
2609
3487
1950
2885
74
1989
1440
1584
4039
1361
3916
1282
4175
1572
3627
1197
435
2375
1368
339
2025
747
3058
3113
2125
2196
3990
2772
1683
3691
3426
1787
2367
1101
2130
4965
780
987
3665
2783
1287
2967
462
861
1396
48
3582
1348
3730
2725
4311
3800
3130
3389
2573
170
4088
3866
2569
3399
3376
2651
704
4350
4462
599
1360
2232
1054
885
3275
1431
211
1086
3375
3724
1902
1211
3142
790
2871
519
4050
4228
3889
4239
3995
2414
4875
4324
1950
2163
810
2895
3070
1514
3117
1494
532
1785
4259
69
3776
2450
1752
2423
4944
4002
1267
4099
2060
4290
1918
392
2098
155
2787
4000
4004
1357
948
1541
4566
1267
4090
3601
1951
3373
2439
923
1804
794
3337
4563
3293
194
4372
1009
2891
3524
1165
2018
1577
2106
2154
487
4208
2711
4476
3315
3536
1805
182
3822
4367
2383
3016
1323
4893
475
1124
4904
106
3308
1121
1229
3624
2645
1107
3135
943
853
3808
4615
1016
1093
1749
4573
2929
1504
3569
1656
117
4245
3131
4668
211
600
243
3859
819
3916
1672
162
4022
3799
893
3071
89
4181
1474
4285
3176
3083
1302
1012
852
170
4698
4913
2190
3442
4846
1406
4415
2647
3065
373
3264
1521
213
3665
3563
4268
1354
3452
3284
1222
1171
2739
704
391
357
2039
2991
4764
1664
2862
664
4682
2104
3295
616
3596
576
1271
3715
1875
3431
347
2625
10
372
4834
2696
3361
4934
1096
3036
4294
2660
3834
1943
4440
39
1573
4241
3530
4878
1134
1372
4508
3592
2741
2467
4227
4564
1831
3015
298
472
1586
1696
3357
4412
3448
2050
3983
1247
1030
3296
780
2499
2119
958
3277
1116
4004
273
404
2505
2569
2387
940
1719
3249
1231
1175
1713
256
2631
947
4503
2549
1469
2689
2376
25
4699
3868
2055
2146
4620
3642
1507
684
4217
4860
3966
4984
1540
3633
2187
2975
1815
2771
2227
2661
2443
2190
810
1635
2276
740
3428
1105
1898
2786
4894
3969
3045
2133
2417
501
3492
2628
1589
2807
4247
4669
4724
4246
2083
914
1690
4611
3055
751
1389
4053
3707
422
2301
1851
277
4665
3274
2609
4312
2722
3775
3420
1102
3972
3434
303
348
3776
3096
2267
976
8
2956
1638
4058
4017
4067
2957
1790
145
1186
1339
2155
1991
95
804
302
4826
4878
2131
2376
4275
3592
3559
3708
3853
4488
4244
766
1570
635
3947
4600
3848
4227
836
2792
1556
4171
4601
2776
1402
925
865
3315
3236
3760
1793
3657
1176
3562
1495
3766
2902
407
1209
937
1740
2351
845
3490
4112
689
1941
4230
1861
560
2106
328
3478
2432
2535
2879
3864
3047
847
3158
1126
4477
4059
3360
4404
3006
3075
1998
3562
4407
2516
355
1117
1997
1212
3783
4734
2701
4572
3474
3319
3166
3155
3902
2753
382
1383
1060
258
386
2019
718
1970
1483
2533
4420
2829
2638
1908
2550
1406
3116
656
410
1175
1437
4445
3898
217
2560
1333
3393
4595
3087
4329
4187
4215
3137
2628
3899
1152
1828
429
4538
2160
4981
3893
2340
4210
83
3933
930
1554
3437
3802
1536
4420
2334
250
1867
299
84
2738
3156
3381
1801
3007
3856
2868
4024
4542
4886
3214
1637
3477
947
2795
3980
1098
867
3791
3055
3872
154
2019
3987
3491
3076
372
4888
1556
2311
2336
2783
3028
1961
3797
3892
1247
1675
2343
4491
2825
1426
1778
3706
521
3083
1042
4307
1694
862
4027
1589
4885
3992
4125
2447
1293
4353
4519
1495
2448
2835
3042
4246
965
3513
3847
264
864
4560
3864
1551
2419
382
4787
1661
4220
588
751
4004
377
2577
3611
4553
4329
3616
2600
1762
317
717
3488
589
1902
3802
3366
358
4001
1963
170
1555
2710
2380
2030
2485
4044
1234
2866
3879
906
4803
3731
3851
696
1455
3760
217
3480
290
2350
573
1191
616
1075
2325
3436
2641
3956
3145
2866
2152
2158
4977
4096
2077
2808
248
4069
237
2040
312
413
2537
2552
1557
2632
2787
1985
4461
1742
4900
3674
4015
3110
1568
4563
3829
490
4149
4005
1725
2045
306
2878
226
2676
1326
1070
1539
319
2584
1539
169
1786
2977
1935
610
3097
4522
2633
896
2729
2298
2567
2908
770
4145
1915
2495
2550
1319
1986
942
2251
3609
821
4128
482
4107
3612
4205
4022
2979
2246
4480
4667
3841
956
4645
905
323
574
2507
2347
305
1455
4586
1922
3791
3628
2191
2110
4905
2351
701
3025
705
1361
3588
699
4392
250
2575
894
3483
4738
4582
256
4879
1843
908
4719
3989
4596
564
4726
2624
657
723
3095
3443
2543
2970
298
4880
2462
908
3392
3210
3560
3602
3230
3687
3818
3479
3432
2617
547
262
836
4611
2771
4412
929
2566
2857
4340
2964
3815
3846
4986
978
3663
932
756
3583
87
975
728
3181
2406
1325
3801
3579
1081
1588
1929
424
154
2255
425
21
4610
3547
1190
4395
994
1683
3033
1701
3924
720
3503
2421
2450
941
3413
2154
4681
2760
2297
3704
4501
4182
3459
4422
2000
2644
1918
3002
53
3669
2797
1309
842
2621
4965
4720
1170
4840
388
1391
3073
3469
2377
2146
691
1864
1009
4674
4693
3240
4253
313
4368
4256
4071
17
4407
3869
905
641
3707
238
5000
4025
2645
1110
4358
1914
2322
1612
4711
1610
4944
2405
2937
3667
1515
502
2008
3030
310
2145
1390
450
4039
760
292
2436
1393
4565
4851
4340
2452
3507
3778
2513
3982
3654
1963
2609
3670
2156
3657
4296
4790
3507
1221
572
1196
3953
4959
2220
831
3181
2377
1847
941
3637
3266
3757
3964
1161
3064
1520
3091
2368
619
4976
1325
28
2384
675
346
1255
1005
2228
4862
4768
2834
1185
3807
1161
1580
3878
639
4822
4275
2875
3237
1933
2768
4719
4165
3532
4883
3459
1012
853
4163
2981
984
4804
3324
214
3947
4421
2846
197
4255
4185
1678
3280
4878
1981
1064
2523
2823
4129
3404
300
757
3650
2046
2801
2773
2837
4391
1054
618
2647
2917
4328
4940
2436
1981
3389
45
1651
2194
92
3917
4066
4813
289
2865
4305
4200
1433
1717
3368
2637
1991
1833
4339
2201
574
481
4714
3243
55
4124
2213
2927
1857
4764
124
2837
1114
3811
3603
4998
2383
4867
4743
1493
2320
3517
2258
3463
517
2357
1022
1196
4533
2402
3379
636
2169
3771
2658
2477
532
4540
1745
3741
1050
3927
94
4530
3838
1403
4530
3828
2525
1550
3353
4664
1842
3165
4996
2924
2698
3169
1743
1033
4501
1162
4919
1796
3465
3099
2773
2255
2826
288
446
2728
907
2410
4523
107
4746
792
4100
412
3405
4975
4022
3239
4853
626
4228
3052
2221
3807
3760
2462
3094
889
210
2180
2046
2826
3985
1666
949
2560
3167
4470
92
2160
1321
361
4126
4013
505
3617
1848
2258
716
3248
3457
1471
1802
4402
3941
3953
4446
688
2151
4530
649
2873
4311
1314
2906
4815
3171
4642
1612
4428
2172
209
1883
1893
1141
1104
3902
2916
730
3332
2351
901
1475
2721
933
1388
531
1797
977
862
2417
2070
4356
2355
4478
3383
805
2200
737
1453
4755
1876
3511
1682
2235
3415
2280
2174
4891
4609
4207
4245
3253
1806
2244
4480
3873
2280
963
1090
4322
4323
2370
4585
4320
3235
2959
2018
1668
2913
4671
3017
2092
4833
48
1652
3278
3623
1199
4325
3760
818
2074
101
3533
1203
3834
4361
3718
3777
2371
1472
4626
3478
2809
4930
3627
4314
2705
1574
4875
4867
1322
758
4521
254
2994
4814
4505
1006
4309
1999
3731
1571
1826
1043
1643
2097
2522
4542
4705
2488
1670
2661
1175
3702
3905
4474
597
2685
3845
494
307
3504
4892
1420
3958
4114
1733
13
987
17
86
1825
4754
851
4081
2032
1661
2912
2991
721
4007
97
2862
756
1057
2264
2547
476
1066
3639
1589
2031
3909
4945
1503
3394
106
1677
497
1306
214
4614
35
2759
2866
4418
2225
1812
1883
2842
13
3320
3598
3376
3679
2265
1091
444
1410
2812
322
4965
3942
4818
4495
4850
2224
3719
2212
1879
1302
3688
1586
3727
1503
2294
798
473
809
3930
3387
3667
4156
3132
541
4434
1536
1941
3532
4370
4558
3863
805
4296
2772
15
4061
2782
2065
4113
3713
254
3119
981
1415
3553
3337
3437
2913
2860
3584
4659
3891
2910
758
625
371
4383
1558
61
1784
4932
1700
4847
3235
663
2723
3947
935
4173
109
1571
4712
4246
4128
110
791
223
1086
95
3213
3472
4165
2790
512
4929
1898
899
3832
257
4163
112
2935
1863
926
394
981
3
1093
3281
1859
2800
4906
163
607
3590
3570
4693
3870
1507
726
484
3406
1147
62
2776
3414
4929
2276
598
4717
2187
2722
4177
603
35
754
254
646
98
3129
1145
4273
3319
2321
256
847
65
2900
3460
2489
946
4589
2173
1046
1959
4755
1185
3177
609
1124
4051
1087
1939
3142
4680
4305
1947
3157
3074
196
3028
736
1268
1037
1514
4406
4705
257
1282
154
3034
1267
3849
4862
3019
2765
3270
3403
796
3704
1264
2669
342
4143
235
1705
2032
4057
1978
3952
1305
2495
262
1237
4391
3811
1850
1628
2290
3881
2080
1396
4585
2435
2529
240
4949
3724
1444
539
2080
4055
273
2537
3193
3251
1873
1837
1243
3474
60
3898
792
4908
4609
4726
3654
1569
4213
3643
2491
4908
4103
3484
2678
1822
3331
4901
2524
2781
4483
2457
4643
4913
2525
4337
1571
549
35
2935
2938
1694
2536
3166
1494
2903
4512
2558
339
2887
566
2159
3998
1989
2370
4822
4642
4322
1682
1798
4459
4191
3775
4409
1786
561
1085
2795
2411
4172
3542
1211
4089
353
1685
630
2598
1177
3511
330
906
1762
4105
1776
1409
1870
2923
2493
2086
2387
294
4683
278
3938
306
1211
3938
791
1116
2521
866
3301
4692
3079
3535
4874
4695
1684
4104
4483
120
2065
853
1163
884
2047
3536
3191
4294
365
1730
1008
754
2802
1810
4240
1746
1839
4684
149
3625
3245
3637
4964
4105
1333
3004
3186
171
450
532
971
1107
941
3411
4611
2293
777
2140
4953
1439
166
3003
1784
3865
2544
4679
3676
1778
2461
2011
3404
4658
1220
2565
3593
4740
1451
2536
2011
1246
1245
3958
1818
16
4543
1252
4726
1970
1838
2347
3476
2559
60
4080
3021
4569
118
3955
873
4120
1520
724
4403
3346
264
3114
4388
3327
126
2277
1401
3030
3480
4529
4811
239
4168
4048
3467
4550
1310
3664
1642
1019
790
519
4482
4089
2517
570
3214
1982
2321
2361
2691
4395
686
1111
1318
3259
2793
3766
1801
2029
137
2859
2583
2674
4504
2425
1238
3992
393
4753
2592
884
693
702
4929
4881
1897
1510
2573
3180
3405
2934
2564
4432
4180
3813
2966
2870
4933
3788
1284
2303
3519
4991
2423
2592
4061
497
2463
387
2669
2236
4542
528
4337
730
2338
982
1670
662
1609
3286
4993
2329
3077
3178
1847
48
3618
4904
3422
4590
489
3371
1704
4533
1853
4148
3020
3265
7
3055
574
1830
1058
4787
173
4909
3420
768
1467
4399
905
2923
481
4947
1986
1391
237
553
4857
1973
1010
3589
2237
2206
234
438
4061
2184
3553
3924
3784
3384
4680
472
2378
3494
4688
1217
4314
1524
4139
3307
870
3159
1512
1968
4284
2478
4059
3375
919
4392
3075
1045
2186
4686
4269
4852
1657
3488
458
4793
3108
4022
3999
418
194
2885
3683
1472
326
4452
801
59
1787
414
2618
3511
191
135
1911
212
227
4215
1305
725
2798
1525
4465
4887
1701
3486
4433
1625
2040
3685
3860
1475
131
1835
283
691
684
2901
3400
3279
2583
3100
2446
3097
142
4821
1876
4274
388
2237
4692
2032
2598
4459
4105
1679
3348
3897
1703
4049
4988
3561
2660
768
4131
4194
875
578
3640
460
3843
3736
3024
1880
4721
4351
4019
1039
1271
234
4675
2827
1779
4865
1621
4014
779
3695
2873
4082
4145
2330
535
793
4090
4188
2947
4417
6
1278
232
1708
2009
4597
4562
4774
1854
4992
4053
1612
774
684
2179
2640
3443
2258
1147
1137
2549
1476
563
2075
4586
3179
3676
1684
1056
1904
3240
2248
3902
535
1444
601
3600
3931
3983
1771
771
2503
430
3218
2382
2673
509
2257
4605
2100
4042
674
322
3755
4109
4746
196
260
793
3421
1482
3906
715
225
3682
2995
4297
1270
3107
3045
1702
3953
4525
1563
2002
3660
3147
3520
3837
4560
2407
1235
2371
1972
2317
3508
3205
2332
787
3845
340
4848
1840
4231
3013
4335
3000
523
4058
3495
2989
3127
138
3575
2066
2267
1385
534
3786
3517
1668
4386
2948
2873
1741
3332
4438
3405
4789
2184
828
1804
2371
4843
1728
4804
3742
3771
3298
3659
1046
4344
719
2427
372
164
1368
4042
3277
496
1223
195
4667
4682
582
2753
2700
1142
875
1887
606
1254
3146
4563
407
2779
4495
2518
875
3091
163
4301
3086
4401
2358
4355
4488
1194
2385
2713
2232
657
3321
629
2755
418
3965
1699
1908
1869
4598
276
1242
1672
2360
2638
1606
1268
3865
579
1422
4580
4349
47
2804
917
4104
3318
4085
284
893
960
4127
877
3587
3619
592
3134
4246
3797
3633
4731
1130
4094
1381
1143
644
3554
3150
2385
3300
1696
3675
4974
637
1437
655
1262
2977
2426
3089
504
2819
1052
3694
3395
4361
540
4355
4309
4879
192
1640
1616
2996
3574
3677
723
4350
3049
2500
4249
3897
3106
1882
859
2318
2422
2305
3277
3104
3514
1159
4057
1942
2225
183
4300
944
2920
721
2474
882
935
775
2501
1936
3186
3804
3625
4569
1569
1500
2875
2197
2833
2838
4973
1319
267
2716
2395
869
4900
2442
1692
1761
2491
1425
2307
2393
3267
4431
2505
2780
1160
2052
4145
655
3110
3506
1278
2173
710
3053
714
2043
2336
4615
1465
2439
2553
1161
2755
3580
3238
4237
579
3236
3710
3354
4972
1639
2209
2073
729
1502
1458
1950
4529
4583
3714
4729
4381
645
1680
3653
1933
668
323
3864
2865
1999
3231
4996
1933
4310
163
1885
4849
2960
1126
2332
378
1398
4274
1676
2935
592
3805
387
2599
2536
325
1467
4851
3701
233
1595
975
1619
3942
4725
1558
4211
589
2244
4503
2635
271
756
3714
4968
3726
301
1323
2934
2267
3552
2854
2409
3131
4956
48
701
3696
1428
4467
2838
3335
654
2094
4479
3726
4557
2615
3767
1533
3281
3013
4298
2432
476
1817
4040
552
1760
3840
1340
1404
324
3921
3266
4118
1497
2597
3930
4024
4663
2740
2469
2307
2041
343
3401
576
483
2405
3265
291
2251
2953
2878
2774
2918
4353
258
4120
3767
3769
750
570
1549
4700
1441
1718
3347
926
1319
1226
3148
4881
2059
3693
4284
4043
4470
2471
2468
4221
1467
1803
582
1070
1859
2838
107
2003
122
4270
3013
2102
2517
1452
1200
4173
4230
3542
4481
2493
989
201
1255
4104
1319
3853
4333
4773
3416
2230
1054
3381
2573
3354
4884
16
4364
1711
4462
4543
4137
3864
3897
2729
4936
3530
1481
2257
4941
4869
4242
3985
1262
1475
3810
2698
3115
4333
924
3516
4577
3556
1197
1290
3020
1988
2342
1270
2498
853
4870
3780
1068
517
709
2498
3379
4410
4670
4169
3660
468
1247
3673
3031
1051
3561
4498
988
2556
3559
3444
4515
1254
808
2685
2410
2484
4991
3573
1850
4465
2058
4927
4765
461
1655
1853
2623
200
3501
2146
2649
646
1375
2161
52
3399
3787
1471
2251
4599
1238
2533
4086
2386
3985
3522
3216
3729
944
4638
3611
2716
1624
1240
891
2692
1028
3193
4791
2300
2971
2107
4343
2137
1513
624
2767
3649
4219
3562
4857
724
2138
3202
3895
2702
1336
3270
2027
166
4946
2841
380
766
4846
3848
964
1453
1807
1929
2761
3212
1172
4077
2706
3579
2940
4229
4719
1971
1972
832
2185
4052
2888
276
4796
759
2893
2259
874
270
1402
3549
610
4287
2742
2245
4478
36
4907
1250
4049
2923
1908
3340
4830
1009
4253
3207
4281
4012
4019
2609
4396
4134
4484
434
3617
1284
2586
1545
346
3210
4615
4770
1069
381
1614
769
3482
2507
538
323
3227
4853
194
4404
2546
4793
4639
4558
1337
94
3824
2197
298
4234
1320
1744
1527
2622
2752
1819
116
1595
553
3914
4015
729
4098
2401
644
902
4876
701
1451
4108
3033
4643
3931
202
4965
2583
4908
4977
1241
394
2653
3560
218
2931
3715
2288
2917
4664
2517
2147
1491
587
2155
1941
1449
2969
2081
4208
2296
1612
571
2610
2159
4995
1392
4450
3024
4760
3183
533
1134
2364
2602
1297
992
3797
2307
4095
1705
4583
2693
3376
220
107
1333
887
271
3897
1506
745
526
4532
2728
4065
1996
805
2824
518
688
4000
4485
1963
4478
1584
4202
1169
3266
2546
4800
423
631
3588
769
1009
997
904
777
1152
2014
3226
383
1429
2176
3545
383
3119
2495
4515
1711
3329
1574
2676
3413
1328
3114
4503
4700
4362
2218
2373
2902
435
487
3085
3828
1744
2624
1291
504
2969
631
3319
1699
3705
354
2828
3077
3788
2784
1609
1001
249
364
3443
3444
1308
3070
2257
2367
1994
274
4745
3842
3696
3811
2240
4473
331
3170
4934
463
1323
4580
4421
900
29
2176
955
736
2861
1781
4117
4184
574
637
3450
706
374
2297
1216
2002
4969
1743
4440
1656
4925
1703
2695
4503
4459
23
229
634
464
643
3314
1501
510
1966
2259
2683
3020
1802
943
4778
4664
1521
3031
3943
4118
1047
2382
3735
94
4881
4791
4064
2077
4220
2089
389
329
1504
4948
8
369
2133
4706
2963
1197
3243
4641
3366
2704
3676
553
4281
2912
433
941
4148
951
3912
4949
953
2136
564
4432
4953
3716
3645
3080
2599
1368
3696
1417
3372
4943
3877
1072
2184
2732
1561
166
3533
4899
1160
205
1450
4871
2377
590
3976
181
481
1639
3495
789
3858
4894
199
2558
2097
55
2907
578
2250
3909
4904
2214
2307
1487
2190
645
411
3009
4525
4867
1017
2846
3951
4551
1765
668
2866
122
2360
2381
4356
855
855
1911
1382
3026
2090
2058
4923
2848
2227
3291
4904
954
2285
1888
207
673
3284
550
1972
883
826
1654
1499
4370
4901
2315
421
960
1464
944
1478
4351
4680
4455
1640
4531
2284
1900
2150
1066
267
3987
4605
1602
1932
1948
2450
3638
4642
2932
666
3267
4607
480
1534
303
4654
3300
3914
110
2382
3429
265
187
4075
1349
904
848
1732
2969
3332
100
216
1724
1945
645
3072
2900
1773
4236
1638
4524
4236
3265
4268
4675
4863
4035
3786
2508
2445
28
3231
551
2757
1325
1341
4817
4957
316
2920
4147
3883
2705
4642
507
4738
3176
1054
413
4785
1624
2755
4273
2933
2653
3827
2130
1154
584
1550
448
821
3947
3405
3511
4223
2988
4149
2988
3610
3504
143
1169
1153
3447
720
4452
424
4153
3450
2363
1174
107
458
2927
172
3407
2162
3156
3943
142
4029
643
3791
4633
4450
987
683
2967
1088
3167
1621
3325
2755
1608
2904
387
2684
2964
193
2151
1669
1163
3240
3588
319
137
945
4215
2068
366
2783
2581
4101
4814
1235
1821
4754
2111
1637
1274
3551
719
3038
2913
210
4535
1141
1416
393
3956
2202
893
4335
17
2040
3351
4861
1607
2821
3825
2682
686
1607
4092
4762
969
4319
1658
3998
3438
1533
2034
1099
4932
1365
3511
3560
1833
2481
4187
4309
3491
3641
472
2267
3940
3479
263
760
4666
4914
2518
2194
1681
1505
4891
1565
392
603
4957
1102
320
4718
3317
343
4428
1774
4959
3849
4532
4806
1990
2338
4711
3167
2008
3712
3486
3621
1324
1319
797
3392
3498
3082
4925
2328
1065
3946
1796
2369
3975
1987
3091
1172
4512
4555
1439
4936
3352
2878
2705
1863
3812
295
4096
425
4307
1533
3415
3712
2759
2111
2300
4446
3306
3135
3379
3933
4099
4860
1539
557
4667
2997
3868
4104
4665
1234
2597
4541
3930
1059
4430
4916
1831
2773
2239
3377
4251
836
2272
3398
2006
2765
2128
3718
2650
73
1844
574
4836
1290
2698
2476
4767
1255
4958
1184
3284
3104
1979
4877
3939
2403
63
3026
3201
1290
3863
4504
4840
701
3722
2957
2621
2612
4509
751
3431
3761
671
760
1788
4990
567
3690
630
770
772
3560
1777
808
4434
809
4838
159
3781
2699
3817
284
3119
403
1794
3395
1051
1715
2146
2887
4809
1352
3321
2492
1243
4095
2482
2257
1565
4475
2939
1696
2257
3211
4370
1177
628
2443
3778
1230
4119
3184
4781
395
4427
3958
1614
3343
679
4234
4416
3282
1869
3489
571
399
195
3580
4773
2572
4987
1651
2595
1779
3744
3475
3144
1123
3396
2858
907
3645
762
4203
261
2557
3820
126
4489
3340
1377
429
2321
2598
4931
2633
2779
2712
747
3121
27
3912
1342
2376
1099
2467
239
4346
4346
4774
3853
518
0
357
3388
1160
2455
1250
2000
2173
3476
1306
2433
31
978
1145
4636
288
3031
1171
1618
702
3413
4596
2943
3682
3403
2550
782
15
2051
4973
4541
386
3103
2874
4042
3690
4279
1210
3070
53
2135
2837
3441
4053
636
3522
4908
4234
2474
1351
382
4669
872
3794
2445
3466
1065
4244
1860
2583
2320
3438
4928
3174
505
3067
3189
4018
2940
515
4077
2202
4700
658
486
4510
257
1451
329
2214
3394
2370
3433
4254
2777
1715
205
1140
1032
4387
11
3971
4218
4811
3457
2534
1128
367
208
3234
3820
1250
1920
3755
1
1708
2235
652
2032
4706
3878
1338
2406
1206
1902
603
2431
2588
2470
4913
4565
263
2032
3439
2650
4168
1656
4528
2004
4570
4070
4455
2692
354
746
4022
1870
278
2731
636
4765
4706
2181
4159
674
40
3494
3784
2743
207
4977
1148
3863
371
3347
3827
3471
293
55
4274
1812
3362
3572
789
832
3173
2078
4312
1219
62
4374
365
1354
1436
4420
1148
3858
4784
367
418
3118
1336
1076
910
4149
1637
474
1980
2371
4947
2988
4570
3769
677
2772
3839
3594
3762
2656
3510
3671
3434
187
2255
3692
1015
4906
3974
821
1371
1730
4576
1234
4407
4138
2235
1365
1935
3643
3887
4337
1656
4542
4323
3235
4204
1198
3475
4258
1546
1405
2120
201
2148
15
146
3162
3146
3382
1703
1683
4401
2635
4680
1206
3355
158
2925
1456
2404
1545
4129
4866
1091
4570
528
1280
4597
4164
1928
3568
4218
1170
2800
4634
4423
142
3275
1602
3078
4688
2044
3151
3477
2279
2299
3668
3645
3298
883
4635
2204
1218
4604
4795
1597
3042
3410
3256
976
1029
2533
4214
4334
1001
4272
650
3723
3418
1544
3512
2490
2324
2436
781
1518
4501
1511
50
4246
2824
261
3797
807
1008
1030
4402
386
4549
4283
3079
2751
2255
3956
953
731
2641
1645
2937
1378
1994
3423
4162
933
1249
493
941
3032
4453
661
644
203
2805
2177
280
4210
2025
144
4029
1113
3251
2608
851
3383
1504
4931
838
2478
275
1024
4445
3726
4750
2946
3661
4812
2073
4657
1490
1324
3651
2241
4239
2456
4875
1225
933
2923
3454
2844
1235
2176
3721
125
2707
2447
1177
215
3378
1906
3020
3218
2603
1284
28
1301
2511
4410
4787
1610
4016
3506
3465
1391
3291
887
1862
767
1977
2173
4687
3520
1757
3805
1658
3772
1693
4629
138
3029
4470
4802
414
2483
4586
2009
1781
1610
2269
3084
2179
413
4929
1598
3001
2991
2855
3222
2709
835
1047
1662
764
1856
4737
554
2514
3798
1568
314
170
3565
513
976
91
1668
2815
1980
2064
2135
3689
3293
174
4484
1693
302
1527
1061
3246
1565
645
839
829
4473
3088
3067
1489
2886
4766
1453
3465
3537
479
172
3862
103
2409
974
2575
3436
2125
3257
2239
798
2219
2701
1808
1623
4937
2031
2879
2463
217
2814
921
2958
1583
3323
598
693
4806
4015
2430
203
1613
4421
1751
4642
3309
3437
11
170
3328
1940
3819
4916
1608
3983
398
4750
2725
4073
3266
2608
3769
654
3599
3450
1872
3979
2520
4580
3603
3772
1597
2614
4451
2728
2161
4721
64
3432
562
1814
3550
3801
2938
4894
754
4679
4849
1405
3193
4811
597
1851
3719
824
4860
3918
3319
1357
3491
4622
1004
4141
1307
732
579
4638
2694
3307
1883
3330
2454
4139
3067
3976
1090
1915
1213
1896
1812
4991
3627
1040
1968
3798
260
3846
161
3696
422
3684
4667
3921
3093
2997
615
2084
3367
4941
1540
1658
1616
4444
1835
0
994
4967
3690
4130
2922
4153
204
327
517
1312
4903
2192
1832
1564
1625
1386
2015
3674
652
1952
2897
1393
1673
554
4537
961
3580
3492
3678
2594
1029
353
1094
1125
2091
3034
901
2996
1349
179
1872
2325
2092
1727
2217
2646
793
1569
208
938
2555
4992
1607
1739
903
2700
3765
851
2452
3216
2369
820
2156
3652
444
978
2656
1332
937
510
621
996
2863
4789
1060
3275
3708
3035
691
4754
613
357
1090
3444
4412
2395
3411
2321
4228
4819
3605
2504
1442
4704
601
753
3653
4780
3253
3094
1880
3587
529
4026
772
4164
303
179
2980
2748
3270
3584
2051
4054
2674
4692
2661
521
1025
4288
4818
1990
446
4891
3933
3857
4985
3557
3661
1709
33
4332
3660
2617
2281
4920
1873
2571
3640
2100
4646
48
2380
2836
2665
782
2650
4938
1431
714
2066
151
4607
2424
16
1363
2234
4685
2589
1172
4465
1744
2871
860
2912
3160
3713
4669
4204
4204
1152
4054
4111
2187
251
2833
1673
656
4092
4120
43
24
775
2552
1173
4651
1499
3798
1765
2589
1273
4460
2810
1680
4753
3262
3830
4855
2332
3390
1842
4663
819
2051
2991
2467
4196
2001
509
3842
3365
3401
2857
2755
4551
2158
2430
1481
1359
3454
3849
413
3777
2587
4544
2564
2779
937
259
2589
4465
474
4028
4955
1261
1138
1956
93
2250
2161
4434
895
820
1772
310
3263
3637
3479
4550
1825
31
377
1751
2395
1172
1448
4317
1584
4799
3424
1280
842
1649
334
3881
1468
214
4117
4990
3468
351
4434
252
2693
623
4301
1472
3057
1552
2678
989
1414
4516
3902
1095
1478
429
14
3880
4778
28
3926
2676
1080
1185
830
1490
62
1781
4306
2736
3398
576
2039
1139
242
1597
4685
1354
1669
549
216
1814
3135
3925
3870
1038
1301
3738
3348
4952
890
2467
1401
2965
4042
110
5000
2099
361
873
1470
1371
1651
67
2567
1460
2664
56
81
288
4541
1201
1029
59
4310
1910
1494
1936
4991
2772
4397
4756
38
3932
1953
2014
3172
1117
140
1559
3662
1131
4773
2526
2045
2465
712
1112
184
2659
4363
4526
4909
3462
3107
667
1316
3654
3241
4215
673
3570
114
4930
1171
9
1264
4945
4456
1139
4058
2856
2087
932
2976
1528
2777
1321
1489
4491
4686
1729
2628
4734
811
2351
2824
4069
3290
3053
2962
2172
455
362
3653
3980
3588
3913
4837
177
3383
1225
3888
4138
916
4653
235
1689
1393
439
1759
4137
2191
3855
1773
1139
368
2478
2533
3506
2724
2205
2124
77
4963
3593
96
1984
1011
979
1119
1505
4074
2784
33
1066
2310
3771
2025
422
1387
4610
4896
1325
1365
1475
3204
1621
1755
1813
1294
3022
634
565
3253
2357
3439
1529
397
4539
274
3281
4822
4432
2120
2231
253
193
3575
4488
3978
2132
4953
4469
2102
1229
4890
4119
3638
693
627
4274
20
831
4063
4215
1201
1149
4134
2004
1536
4211
4667
597
3042
1333
2743
3011
1649
2567
4035
2181
870
4794
2800
1894
709
1219
693
1887
3502
1511
4866
2442
3900
2806
20
3088
56
722
2800
3679
2123
4386
1128
1754
2266
3890
3478
3588
2884
826
2706
4759
4017
3274
2250
749
3418
443
1729
1629
240
1023
3226
3145
2221
990
3357
471
3829
562
1104
2735
4995
989
3141
1572
1530
613
1721
362
1976
3562
393
4295
1753
852
3731
2360
1266
1894
4405
332
2336
2090
2906
1172
1327
634
4530
1171
35
1360
656
1239
887
3282
1920
247
1615
4401
4487
2193
860
1219
3921
1093
4495
4666
3213
134
4899
4346
1841
702
1850
582
2278
4964
569
513
588
2722
4952
4029
3601
750
669
2241
1621
4103
1001
878
361
3918
3590
1336
2277
2698
4742
1211
3822
4978
4378
2640
2676
622
4244
63
2805
708
644
92
4223
3723
4200
1327
3788
1998
1891
1042
3369
3001
2329
1565
1309
2620
2587
4033
1117
2567
66
2032
3980
2146
1597
1861
4432
3476
1931
132
4002
2764
4982
4423
1043
4495
2653
1295
3984
4895
2287
211
2226
4845
1221
2494
1182
1233
3131
2633
2358
1147
2102
4024
4107
358
4305
4408
1594
2634
244
3596
3852
4113
1001
3856
402
1978
166
1715
327
2386
4056
2854
3230
2678
318
2054
157
392
908
1839
527
3939
3819
4184
2175
1454
644
4444
350
3105
4860
4214
1140
1037
1980
283
261
1554
4984
1122
4995
3679
2253
2719
4829
4991
173
3148
3169
3048
3308
1396
3693
4021
2581
441
3807
2358
2880
114
3295
707
3036
345
1630
470
2679
2129
1339
3190
3348
2036
1383
3371
2988
2613
4402
1885
2142
1027
2992
2765
3537
1909
3673
407
91
2148
4590
4865
1667
1278
2753
471
3952
3653
3120
1860
274
803
639
4778
2423
3764
4579
3760
1172
4942
3784
1457
3629
3392
246
787
2223
2348
325
4665
1208
2728
2865
1727
4018
1811
3920
3811
1817
4873
3316
2756
3736
804
4384
1469
4181
248
5000
3369
1287
617
4592
2108
2414
983
1179
3606
415
3707
4047
4147
2274
4533
416
3885
202
2252
935
1848
3830
2376
367
3276
2153
1127
2538
2224
4958
429
3565
3370
852
311
4040
2239
2626
3387
4919
1
3328
3575
4124
4115
47
1585
1009
1340
4059
3530
781
286
724
760
2661
3393
10
642
4225
561
4352
3933
770
3346
4302
4220
2089
2490
119
1491
4798
3587
3188
941
1814
1241
1750
2321
4821
1551
4358
2232
1485
2583
4801
1792
4339
396
1556
4773
3220
4236
1379
1124
2958
2002
3597
2286
1924
3108
664
2576
3562
4376
1743
4700
3376
2194
2896
2642
3342
118
2536
3717
4587
1222
3915
4563
1296
454
3423
699
4237
29
744
4152
3234
4271
3696
2709
3617
4175
3790
4201
2214
1645
4104
3701
4181
3358
1412
2635
774
324
4846
4321
4218
2545
4253
433
2259
4765
730
1676
1318
713
34
2035
3808
4922
1288
3294
1598
1477
4571
3330
923
1068
3202
4860
3757
2356
3678
2438
806
4070
927
530
43
892
2135
4806
4119
4351
1501
502
4198
1753
2545
1520
2751
242
2813
2022
4558
861
3255
1502
2687
575
4441
1208
1396
1594
1967
4493
1450
0
2878
3546
4900
811
2636
3720
3939
3055
3064
4593
2201
2632
4154
2264
1919
3287
4087
708
1596
2868
3140
1744
1180
825
4692
2956
2347
2211
4021
3621
4980
3857
1596
1441
408
4067
1499
2155
3682
2146
1329
869
865
1194
1411
4147
2684
1069
3809
1496
4994
3004
496
3743
2802
403
1161
316
4956
182
3454
4087
4657
3723
2304
2798
61
2222
4407
4880
2812
4972
3595
616
2623
2054
4902
3452
4440
460
4051
2776
1550
4890
2915
4541
2059
102
3544
1807
1832
3495
3213
3241
4051
4905
2195
1283
1271
3750
493
2085
1006
2111
2685
1150
3032
3403
1816
3517
2182
1100
4528
2462
4124
2330
3981
1312
4190
4899
1573
461
4786
1711
3156
4280
3667
450
528
4781
4179
422
4787
485
3343
3587
3109
2597
3276
3145
2268
516
2408
2561
2483
3473
836
3826
34
3049
4209
1328
593
4406
2706
3252
4126
4295
535
1401
2444
2691
4663
1153
3253
2978
1892
548
179
1019
3800
411
3561
3579
2414
3281
4352
4537
3954
88
4570
1849
1715
1172
3325
697
4210
4662
4847
4371
3609
4334
4094
3907
2390
3507
1227
3397
2372
2913
1494
3660
1178
4101
3108
298
1667
4505
3262
622
4829
1430
9
4968
2296
3745
246
980
3992
1745
1441
3338
824
1596
2025
4141
4925
487
408
4398
1196
4784
1229
3705
3016
3922
4222
200
1109
1819
2395
248
897
874
3942
2012
55
42
435
170
1020
2083
3490
4312
1369
4589
4129
2505
736
3798
4839
3517
2896
3461
1489
411
4401
290
1935
2101
2133
412
2454
1923
4464
3368
2119
1053
2112
1189
4388
4622
4814
1838
3690
360
1290
3085
3039
3589
826
2927
1006
3938
3546
3561
3981
2265
1803
1681
4055
357
3427
1736
4193
1769
1124
2639
1383
2126
4334
4790
2650
238
1894
2791
2830
3613
3909
2003
1290
2124
2292
447
6
1881
1773
148
4367
480
2032
1178
3981
360
3641
3742
4731
4811
486
3326
1952
498
2049
1407
817
3935
4120
1991
3891
2259
3968
2674
1710
504
3737
1829
3177
2632
4173
4428
4310
3547
2996
1509
2435
448
3411
3421
4586
3845
2461
4106
2752
1569
522
1743
2905
4579
3872
4125
169
1852
4180
2605
2839
3677
446
1134
3511
3440
