15.2218104399962
22.4527646816188
14.27
13.3347130215525
15.2218104399962
17.7425840928683
24.7933170062405
41.0624157082465
24.243089737949
17.3918264180909
27.7682812285408
34.0515043003071
63.128357122154
46.0512042326952
20.5084393775873
13.5126707973
3.99701305164359
-7.65470625519336
19.1323268890841
22.8565495637534
27.054439405712
20.3150120492607
19.4047543713595
23.2332469253601
28.8705173261277
38.5632234939568
26.2909750122335
27.9848705166148
30.9393433511891
37.1763029135048
36.1657190291245
40.682928802025
30.2096349463115
29.7979292790128
26.7757131208709
20.7423914589571
20.4446098675671
12.3800042818915
27.3853607253031
32.6028231587734
36.1657190291245
24.7828459360683
36.0487668362739
33.3867478655816
36.1392496253501
36.1657190291245
36.5166548417307
36.1657190291245
36.7719544495897
36.1657190291245
48.6416303977033
62.1043304815485
76.7618432440463
68.3926248779386
76.5188743233951
77.6970481687048
70.2511786795694
76.171093817091
68.5572287326687
89.0747925086321
88.8183037519102
83.3983663592512
68.4302908200739
72.5388344299058
69.082809751329
68.1372798531758
74.4412976954497
65.7659265217462
69.8506527017653
61.1814636886796
54.2726333957093
57.9497359265592
70.2223585658206
53.4547726075383
57.0576085165317
66.9275801960077
45.6127902046564
63.9513686317232
72.0076284384044
70.7834131542955
73.1996238956327
65.1263307653797
61.2883009396694
42.9473056367497
35.4586830773707
45.3362847792661
52.8295801011236
58.7815159296772
86.9636265142943
74.6636560756094
63.7167648685246
63.4615381943814
51.4977477955909
37.5133874221896
37.2614479889727
37.0060325775975
37.9641418230249
43.7330528701423
76.5105414661722
80.8221083196775
73.2043573733468
77.9064449286487
73.6769779229665
77.5910494958346
74.3770701708243
64.3144329439093
62.8758194947788
58.5170076254138
67.8615750954871
67.8015257489347
60.542727823136
64.6345268486752
66.5002338471192
43.1938713312781
69.8333774796385
65.222649185279
93.2756858179422
91.9690614927184
70.3774390557823
87.8462639896326
4.26589763023321
76.1134098221184
91.9631576916585
80.4445801861357
101.145484697999
77.9245833782026
87.6876458851537
68.1604616551612
73.2862134219963
80.4542996496995
70.2740220910812
63.2312301299247
63.0768944035587
67.6589895368608
71.0321786069524
70.788019762545
43.3926247532598
37.6284818875882
36.6123850014006
34.279844810296
28.4735664182712
22.0135317194986
25.5805218312126
32.9176110274576
36.7114660685093
36.2158264768574
42.5848666233305
41.3154781221699
57.767941935171
41.5011494876453
56.180572575343
68.4229660256379
74.9731165654616
73.1245868619841
90.4448984469374
80.1069951187282
97.3833997193192
101.858955156072
82.3949859532178
54.4557044462522
79.1043389395992
82.0205823055614
70.9730754155273
78.4474021167294
72.2203370098534
65.88672947545
56.0834418648417
111.260018078744
108.460074793511
120.683907311851
29.9515933891174
54.4878847724727
72.765227891641
59.3680751862443
79.8195068869219
138.87091899667
86.5292320687613
65.16042650628
60.2419348940709
42.5946179109558
43.0221276766686
28.5010305303351
33.1056606881665
35.2198582525792
35.2092357279211
36.1657190291245
36.1657190291245
35.7252194164804
35.7720156684247
35.6038176202698
35.7169116292122
35.7229715932671
38.0386848831793
36.1657190291245
36.1656829776084
36.7328375657308
42.701485109774
54.7964834630883
47.6559357314835
51.26227365109
49.1437667809412
53.0158833390926
63.0111076682578
58.2754114487494
58.8859574433058
66.6155541665685
54.7156660361349
53.3278463117265
55.9765521073143
45.3752354256654
50.0028000991822
40.8003359842509
36.1657190291245
37.0485976736019
47.5916627580369
63.6930905433652
54.2451784750632
53.9721473668638
53.0987313731141
58.4240626099987
57.1678966080226
57.367870680256
44.6200946273694
51.4930159740516
54.115749920395
48.5130436078608
44.3373726408971
41.5820250916622
43.0007496159691
36.197617388384
43.1931617410921
43.1911947531031
69.3669855198622
72.5333940884442
62.5555569516842
56.6582830138788
55.9984624224234
54.5307397212325
56.4874718249123
54.8201995347684
48.6962343570808
47.5782162558936
49.3763286220943
48.9045589056217
52.1480324113184
56.5524885040027
62.2140908652874
61.1164051405088
75.0626539213931
81.0042121060622
73.3748886501743
80.1905739758641
78.7768284831976
79.4224172019685
57.5799547652557
77.8120024654371
76.4501811883174
82.3836222038388
81.7557020499792
80.3799805713553
90.280947187579
80.016585238168
90.6952008798695
93.0787836222866
86.616101198404
98.2764922282498
92.2174047288438
89.2010998062512
88.2449076800363
108.712873758491
93.1190424322162
87.4759099371534
90.4918318195638
85.5547189320669
79.8264872169462
67.3149554270768
92.10262690113
85.1068119578714
83.2503839876948
101.482518930301
60.2753781323152
52.6194786416005
48.5773363603382
48.6737778943683
51.6968462124659
51.3000872407911
53.0053811875098
54.1207723155396
56.6201806852658
57.7203012394147
65.2219508032062
64.591296271567
67.7897279163421
65.73460901072
72.428481277363
64.8324044712502
66.480953422618
63.0081757154333
65.9883505345632
64.4817730246165
63.7824243263276
69.5368286719559
64.4047802982719
65.0454423230608
59.8772641625937
64.5309612313951
62.628890320768
68.030471849832
67.2679893179394
59.3620704942331
56.6965076465144
56.1857724333591
56.0569560401995
59.4505507944506
60.2917577616127
60.310442498987
70.2886078393451
68.4318930604614
73.1725368475807
73.9779351553878
66.0070531260267
65.3419197676383
65.8038672848051
64.0642255931856
64.3604921682367
64.5304217056317
71.450767191453
72.9468695889471
100.416798287475
85.0493408134994
73.3688124081238
70.0109173482246
68.2575009522674
65.9784868934929
64.8039760354682
65.9560690662969
65.9621495250622
63.9601650147246
86.1905357049201
76.6244496990897
80.2708119755849
91.6768578188056
86.7432472887836
96.9168612759106
81.9844681128464
84.221711673607
81.0767575067199
84.2892222062454
94.612486891774
107.905412635691
84.700594300723
77.243208896814
90.7652546434365
108.837074144493
81.1939364400864
106.868264025975
97.7002154330139
111.5404803874
104.504006124209
99.9322028224196
92.1663109574852
81.5554185394275
76.9461513492271
74.3829491505851
75.5203077190986
85.7175382077378
90.3902860178649
116.186443860596
106.49381607314
99.4482359585529
92.4993738979201
78.0607721280673
81.0879968687562
87.0787516602745
108.200388669245
120.087357596353
103.116066765981
78.6455146710564
73.3422944302867
71.3274806051458
65.3041678602166
68.1929981775289
69.8057371670618
70.7262852931207
71.4767028878186
85.926613794568
96.1761709005255
91.8686218649288
100.272986631366
86.7587201454902
87.3731020500647
82.9322695154501
91.7507990246712
97.4058847188028
95.5184443230608
79.3690192015692
76.8361934891206
80.520634352213
69.4655839529857
65.9551983853339
69.1933234853645
69.8431928738289
63.4008959453121
62.0377755823885
62.4273515829449
69.3651630171426
63.6089240692829
44.4674455325276
68.0494757343484
67.7488975876655
53.9450316464783
70.0105111682931
76.1753511657
78.0204989040309
71.0496939257457
75.2808059605005
80.0979583237581
75.6454951806931
72.3046753058385
67.9460927911045
90.6015421045834
85.7077928569975
71.3842845957091
72.1951249484435
75.8804214318307
34.4232216572591
25.7994239894298
32.0703818329311
34.4022686276195
31.9433725423946
36.144454004434
36.144454004434
36.4528395622723
45.0327896076188
81.2306968513666
150.274487640998
196.990398928424
133.456053256313
232.426733420127
154.033882764869
88.3315779827606
123.866626772317
105.586196320318
108.643661980278
103.534059153631
137.78998558954
73.9001684486454
114.236679104604
143.273374864687
79.2074705025704
9.34
13.42
12.45
30.6321359126867
66.6327429625686
90.6652836029413
67.3267646745222
71.5705923696119
65.1108443293461
95.465794077651
88.6203323119699
83.5327971495947
121.956570682911
67.316064399188
44.6079055753403
65.1000367496376
38.6459494762467
35.2517265220684
-2.51343574911519
22.961357396198
45.1840618276164
37.9534917144242
21.9733981144338
13.87006
11.17
10.5
12.38
12.38
10.5
15.4885616581844
10.5
21.5048939868298
23.9300461924849
33.6490249443392
77.9099051762936
89.4903065936767
71.5345598119194
67.8372065541973
75.0699228673549
76.3473850917522
60.3862085992562
59.3901638207145
22.9376557832338
61.4775194333278
95.1074124194301
94.9732327517787
35.0471334761962
36.1335227603815
25.6599109096178
35.9291946482768
43.1450184146542
90.7218493964987
44.6441795848172
100.577712402103
69.3045245820319
100.96297692173
43.2122292637608
77.4715726861216
80.7103622973654
84.1719107724126
94.5459210098957
80.745504046879
80.9769176532311
74.2357164191756
56.1857543498674
47.1628504323563
78.1302344300297
69.2160770703245
70.4315154099503
80.0194899162906
98.3275979116507
101.752698264734
91.6753988049513
114.599706691626
83.4621718866741
72.7761827415142
72.7944381790381
72.8585492875104
66.4337138097936
67.0320409651775
67.8049326061335
67.7741585233022
77.0657633294258
78.7259861433743
76.3945582868577
81.3285847189506
85.2455889074477
78.569601506184
80.8960014474125
78.7490314508902
76.6902840363208
77.2182483514707
69.4391376173024
65.5865973653342
74.3088549303055
75.2285608518145
74.3376847355204
80.6850781746143
81.729860758564
82.0753755129979
73.4752794065793
76.2748719658531
81.0823991931065
80.2182346982232
83.3560448116997
74.1629956729957
69.7566436679563
77.5229336836009
74.8376386447949
74.9830792184407
76.8611404349339
76.4253241451219
71.2238631378538
70.883046405734
71.5631538248892
60.43490691034
67.5994823595432
66.8559077839924
55.7405534060113
52.7690088730094
51.6432285518737
39.1477673458119
44.7464886921129
43.2735039392227
26.0867183953348
14.2933112964234
12.0946923545387
10.5
6.348805
33.2991415584063
49.7772064587558
48.0762826770656
49.3873582571958
43.6546656892967
40.0585459317158
59.5281262024546
58.5005592016697
64.332842808081
65.2087602746512
65.5503020605685
67.3248508753651
61.8810667406319
63.6263218618792
72.6740916136881
67.3507121396596
64.7328538648694
66.6962541147147
88.7795051993297
80.5581195483834
81.6227057110373
98.3532500815885
97.2442136715535
119.275092518583
261.843223951955
111.644274663343
104.729285906679
88.9113086614465
113.976321508611
111.687229312015
96.5838763678343
93.8833696279882
84.0020563813992
73.8222572720761
71.730759216214
84.7215074348197
85.6201757765323
62.3664999877408
61.6649153941974
51.4500858088109
49.0451093942402
56.1910959337667
56.2769132525054
37.8931957020001
53.2751900777099
55.3651011386375
53.6000618054941
61.9286090583262
62.9712214044043
72.5947047038108
87.6509129238395
84.3512585139519
94.2270597197871
94.3759107913295
95.9081723161533
84.8265390215232
84.9788405974866
86.0693476907793
103.697857970089
100.549530454526
94.4633971999791
73.5372064819657
81.4559085849416
75.7995366688583
88.6382457533288
98.0190482742575
84.3166909844638
102.431228227671
107.635306200493
92.7100339542634
108.68335028462
100.728204476229
111.737982634967
85.2572062210007
72.2538712886555
93.2542184036991
102.752626299931
100.869913631074
95.2450810721705
72.7987927278535
69.5940142559175
65.1811973501171
65.861124587973
85.3912069180058
118.44886458771
78.2397619939237
77.4309854033429
63.8228058106358
53.2612742131713
62.3865440313657
78.609986348925
86.1410978796717
100.606103783196
97.5594592911408
95.8139529590619
130.948420613935
141.813120605504
144.89681298059
154.777746961669
107.769130628836
100.516693785798
102.687263300754
102.787164630265
93.7093106817265
95.9916313299411
101.362639242889
106.540310624748
99.1087976179938
91.5928809087009
108.580647230644
99.9163939092093
80.8086277720932
76.5130326198571
94.8307105418183
89.2288802792445
100.347439512425
110.723938408649
110.527953031189
100.281036834852
87.0849404371979
99.2400419152396
98.8718373486625
101.757417351893
101.617034397983
104.497965207648
103.581432744931
90.7951535972614
85.4790671568911
83.0478328320446
84.2067233806192
82.7623640582194
73.1414059412789
57.8824348694311
85.6546107384119
82.6783660237953
84.9647478112947
81.7529441420879
75.8633894795748
78.4000012814387
76.9969695097066
79.4880734811748
77.1611689489398
73.8395854025476
72.3160398257572
73.0391851148085
75.9793050446577
78.2423549159709
76.5873377913043
126.128669509325
72.4100286575599
74.8041768376225
68.6742679553275
73.2172199006533
74.1591560236592
74.7681058822751
72.9914673327087
72.3686224531419
68.645617833856
71.8775494168365
76.6560273758223
78.4879871930585
88.6645257972997
79.6902730761685
82.3510826629135
90.7224836479328
98.1462139209445
102.147849272206
97.2900811967856
83.5574638984096
95.3372017361793
109.909051239131
102.593856680924
86.7461452947594
72.1444735380013
76.2945925703068
74.8989878832408
89.6180910648547
80.4459131449842
72.5947767252295
80.7803571374701
104.30689802481
65.1664145861865
73.2081047763383
79.0765112444857
60.7560981117238
63.282916239167
56.2518846585038
57.0287116555014
64.468402585101
65.9537955529284
70.2211947492312
86.6553796334178
90.1233258303158
106.472102578379
108.817902942626
98.6613329071406
99.192960505673
89.9929344064892
91.3222351709922
92.787380588428
97.1063060736898
97.0749688642641
101.866978938081
105.2984906583
120.906496224616
118.691436343754
107.26019567474
124.525402056872
121.034645620591
115.588181313353
105.650611560602
118.316352981685
106.082594446583
120.647413257756
120.206780245257
100.601000823718
127.119533877614
115.380842286925
110.193484384064
109.916056970629
106.446886863273
95.8205857601381
101.856590424679
96.4061811966012
89.594944205318
93.3171523714394
92.1097855326954
124.116345524058
127.229452647746
63.7612383856444
61.6715770853799
51.4500858088109
49.0451093942402
56.1910959337667
56.2769132525054
37.5371957755681
53.1553313222206
55.3651011386375
55.2036202542365
61.9286090583262
62.9712214044043
72.6884484769437
87.6793034010644
84.3512585139519
94.2270597197871
94.3759107913295
95.8753769502101
83.5741148642512
83.1098787807795
83.9870517641787
104.143644394911
98.4472929761111
94.3508294308279
72.0434547611176
80.9513344966215
73.548985535066
89.5309147138206
97.297266626615
83.0136704062029
102.338102017358
107.649018089985
92.7929512544469
108.68335028462
100.691747668153
111.575336456697
85.2572062210007
72.2538712886555
93.2542184036991
102.884431600572
101.775283771771
95.2450810721705
73.7231524512873
69.6170298167826
67.2688392483414
66.1387505118195
85.5991554972925
119.853862897831
40.2879553661432
35.6536630222221
38.0934792112993
35.4984156530612
28.592861773892
25.8280026850762
28.0229847877241
25.634735968201
24.7789396783382
24.5943996955404
24.0373744115599
28.1738865089387
29.8588004118313
34.3494894923616
34.8340540914592
33.4845377713237
35.2374109342888
41.6289915936519
44.05231943439
35.50385085268
31.270155183522
37.7602376966575
36.0393689645887
31.6178491194111
41.1179888360331
35.3028588877896
38.1824916258471
82.4406502339902
78.8445460435563
97.3316596270809
97.3672707045067
101.801234852001
98.5425026259585
91.247879779148
130.046753086089
106.6376729661
94.7081203081262
114.69857117462
101.657901521064
100.679199799386
95.4365503436511
80.1606420338894
63.6427228606831
51.3184608925297
58.7651369036714
70.2814723980237
70.07087341061
67.9238140555695
50.0319617480606
53.1446858710653
56.0059573287387
50.420893690962
31.0865885100367
32.2926957355065
27.3853607253031
30.8963196187072
33.8505357017934
33.7126550037897
26.3099698996515
27.3060371227634
30.4172723782817
25.9497139063859
28.9066985661659
55.2328123619913
60.3665485120517
56.5207816838017
83.6892854309287
68.1687237588937
95.0918707959942
72.5259752181032
111.25684571696
52.212841768277
86.3938502013695
109.07307820575
129.610122944272
102.612312219093
109.011270867323
123.997494215645
83.0649920276994
147.357234310781
66.2313065146901
174.996744018839
162.301226102713
135.915728123496
138.260304401758
163.356945587932
171.454507507936
172.788701427235
171.853813586326
155.528890090596
141.018177627972
112.361411113091
61.4659159268319
25.115787568604
108.041518227424
88.048936719177
62.3464758226426
55.8155100412549
44.9257867858493
43.214387638317
38.6531624666345
36.9953915637435
36.2720507205146
34.8185130794373
51.032023897739
56.7918129440233
81.9563170263162
118.232816752116
134.634567588784
160.748906699641
120.320516162471
134.536292704995
123.017061578362
105.590598746471
124.838935823451
131.705248597258
186.858330214297
156.383297674115
161.549392422483
236.481964404603
232.765560575244
191.908798485638
115.473524372501
84.5507457894129
96.0918522819866
97.0468995356776
108.644688417532
103.06065264476
97.9443374362885
105.219564406785
123.725321761807
122.366070740834
120.468229558419
119.984402930768
136.56894374953
139.323150065863
147.713408742403
129.216693432073
128.204031352512
128.357890536533
122.190605640413
125.876444559119
127.420449849248
148.886508922111
35.5492136824832
36.1657190291245
29.8018332510165
25.5582198126281
23.6159215427636
23.8982381355705
22.3923605124709
24.640126911265
34.3701322041431
36.1656884052639
34.3066942257376
13.9068639731828
42.9152400557565
36.6655721614389
36.3145864516038
50.8604202923591
65.3866104040793
68.792259199995
70.9230669475194
66.1616550151357
70.2252823507814
75.2053249281896
74.28725531324
71.2673775495626
55.5010691366513
49.8383154217109
49.6841047364365
74.3773519288244
63.3169590933439
50.1373164432687
98.8701031163102
49.5416174885912
59.3893815606208
73.8623395839707
75.9312690273615
85.4179720946782
78.0206494862228
75.0972430999991
77.7971910318691
73.1957827926266
69.2317487362152
63.4570357293195
78.4541720909566
56.6139895437966
63.6518607739342
52.4028381615184
47.2060563443335
42.0848410706807
68.6078711945141
43.489283835132
29.5446881890525
34.3284971007924
34.1349417140287
31.6108859695506
30.7180458766096
35.7020993835607
28.353570376627
59.0278258770437
99.1314617104935
125.34145986747
110.610392458409
96.2800986037183
104.869875203358
97.8626490923143
103.558465870088
97.9503321830814
85.0982657979463
87.746002017992
87.6774458947485
76.9414857444617
72.4516279243846
78.8170186063838
87.4819872187106
88.3973279993604
77.392522770828
70.9345553930499
76.5708918649651
78.4349464836289
74.1953628244831
88.9064875284822
83.9972796572444
89.192073477101
91.7216977945533
95.4233639818753
87.6829634180318
111.925891101001
109.719846517256
101.659196007437
104.534313298562
88.5259371521858
81.6816661241095
67.0364035164222
87.6814472345959
72.5103301143125
72.3388865675612
62.2560715644461
61.6927791309539
61.1093416107885
61.4426516319474
52.3914280247346
40.9438883148413
54.1459323948916
56.6307005173168
37.5688245140032
56.1693537166411
58.9171110689031
61.028101145929
72.684035756153
79.2263259616912
95.9044483791597
83.1038925689785
84.2977877185218
83.3093081546472
87.4583149760663
79.6485223715637
72.1590479007708
78.6398002351521
79.3455078238012
78.6941739350991
80.3918682011402
89.1083527851972
81.987667657361
78.7798506378437
79.9626830607788
92.8396309019709
85.9007918480353
66.3820916793689
83.1693453569471
106.870615001932
80.7332385801838
60.8075847055555
71.6772382774632
67.6585026759792
91.023854048596
98.6649845939699
99.882263836632
91.1515323618171
80.4102656572603
75.3907719384295
63.6624319935371
68.9683258871041
57.6146187369996
55.173682570383
55.9208182916685
86.9928068215273
75.0620029938994
63.8239480457746
63.4091352021567
51.3387578933843
37.5133841523933
37.2614479889727
37.0060325775975
37.9641418230249
43.7308613244556
76.4682107016682
80.1613282679034
73.0831542822404
75.5814877867598
72.6868826501718
77.4928664189457
72.0138154827617
62.322686893677
59.6020502938181
56.5982852133718
64.8436735273017
63.7023159751269
58.1998836500737
60.9533564133582
65.3498797787906
40.8731230854608
68.474683518956
62.0401391884955
93.2755858097919
90.6796849152304
66.8491752057628
85.9302908233684
1.92840949580014
76.1134098221184
91.9631576916585
77.744641631613
101.145484697999
75.7416785406158
78.9187628993171
56.6107147105345
71.2850343805438
80.5025847763045
70.3467794680651
64.1290900144785
63.0768944035587
67.6589895368608
71.0891990870438
70.8015835620992
61.0506364162828
63.8526852200548
61.8945637129513
54.9467426604479
58.8405216036455
52.8228330659254
38.7831349194844
40.0999993816171
37.8244762126441
38.6782730409237
37.8131923032399
37.7411278010901
42.2465813364059
52.5811098184117
52.5879374403698
54.867738667355
58.5301248800533
54.6102716955777
59.0690716102804
58.9329454859024
58.276736238976
61.2229196047687
54.2553393621518
67.0441890513557
64.4465080603354
77.3831429511321
77.6763799679008
86.0467277136132
98.1458833727407
112.465253956566
93.4207011201361
132.048440770847
91.4300328765976
147.552541058299
127.895407822004
141.556731507622
102.787296749591
32.8793719257565
46.5732098442292
41.4436553926188
69.0051704983613
67.773848062222
48.6997466349306
32.7904189895479
34.7738129479464
32.7904719601871
39.4667556926327
35.4642081820375
35.7986646670712
36.9421880588301
33.6911530079617
31.0337177337828
24.6070954727532
25.5896607129569
24.409725352945
20.9753268426538
25.3325707072773
24.5211320075381
21.5317882454011
20.9417901588307
34.7810606955294
36.1407592511608
36.1657190291245
36.2295167326228
36.1657190291245
36.1657190291245
36.2188835085517
36.2295167326228
36.3783933068966
36.20811216401
36.420933376312
40.8989479766506
48.4971253447786
53.6402478006693
56.92168570763
60.7806896557244
69.2289756532221
70.2789064535146
79.4513764315647
112.517807455817
93.4286598304652
99.8971631864245
141.301125260043
117.367528138986
90.177602422715
91.9179812189452
86.2155061015521
60.9945663409024
91.4007540693411
73.7136917631307
67.9382828832362
46.7975566236351
57.8761533780543
31.7152855556408
71.8468390078771
60.8733474564628
60.9983653526021
67.4274624663645
80.5812439294308
68.6533848090705
72.4359370162467
71.0162599798463
58.7432886488596
58.4321874470384
59.6052557719551
64.0396742725932
67.4979625366725
67.9023560791712
81.0248150129377
109.189379211701
97.0748539591452
114.658296089834
118.357532588473
128.986770574138
136.058787455605
163.964696513617
109.642254095298
142.661637832111
170.08530365947
160.504148690573
119.835408646305
128.521598494841
163.534638393966
253.317109872531
137.395857175043
166.851475779222
186.47118445111
59.4408297052265
32.0515906371142
88.4907797559252
161.07746193581
163.817495198353
145.497253170958
142.391127692569
114.784189635058
99.4250369674832
140.21659458543
132.019754850048
129.898973741376
137.401887189576
115.873352243015
101.8462017835
108.561100843049
107.767318409132
36.0275042340309
34.2536924024384
30.8012029004722
26.0015684054331
27.7607610621082
26.5873730378269
29.7234028992528
33.7612439489096
37.2159689398259
36.1657190291245
48.1511737125977
85.8117571029969
81.0056032296154
112.547965015969
102.503506313352
86.0432891596617
102.510082371085
3.94022514661558
119.207043860377
96.2878949566622
111.9821204622
79.2491019397727
93.651591357232
96.9342474722406
104.415909876003
103.851725835569
92.7351393122852
82.1801170078377
94.4963898546147
94.461024985031
104.38973571725
94.1234148218747
102.197836180222
114.196509613988
93.5515882633158
87.6751928727698
86.7076947634328
88.2016867274815
93.8085542329466
72.823261576057
69.5115558827985
50.6487241585837
51.7489737706926
44.765501972159
28.7944714210445
25.9829933859673
53.0518503340455
49.5193395317573
34.3916552479652
36.197617388384
29.439197529415
26.5866324447715
21.5048939868298
15.9815087839713
12.75
22.6508950760936
28.8698208994452
34.5614838625997
38.2091212096135
44.7010990950146
40.5868756539541
77.064019342219
58.9938594642706
55.6061770535105
62.042263717574
57.3263229115106
74.3133445984706
83.0547388447913
84.0266825969177
96.8141527286221
55.918148196916
111.581401090362
231.144578963448
216.803988196278
81.7299119795387
93.7394839287877
95.8963498989817
108.269157512983
96.8661169526157
92.6050770219283
58.794242065396
776.822184261888
84.638469820566
79.8261776467696
80.0277118711692
55.6106455222551
61.1057680055688
88.8924102946568
57.7446484145393
40.7885467964067
58.3518366277582
36.1657190291245
37.6553287088981
33.5429849871779
59.0203735533562
54.8086154727025
18.78648448330430
22.81780054327600
21.83342545817970
22.16650967317240
21.32490636812720
23.17582245997250
18.48377450429640
20.13628861725310