15.22
22.45
14.27
13.33
15.22
17.74
24.79
41.06
24.24
17.39
27.77
34.05
63.13
46.05
20.51
13.51
4.00
-7.65
19.13
22.86
27.05
20.32
19.40
23.23
28.87
38.56
26.29
27.98
30.94
37.18
36.17
40.68
30.21
29.80
26.78
20.74
20.44
12.38
27.39
32.60
36.17
24.78
36.05
33.39
36.14
36.17
36.52
36.17
36.77
36.17
48.64
62.10
76.76
68.39
76.52
77.70
70.25
76.17
68.56
89.07
88.82
83.40
68.43
72.54
69.08
68.14
74.44
65.77
69.85
61.18
54.27
57.95
70.22
53.45
57.06
66.93
45.61
63.95
72.01
70.78
73.20
65.13
61.29
42.95
35.46
45.34
52.83
58.78
86.96
74.66
63.72
63.46
51.50
37.51
37.26
37.01
37.96
43.73
76.51
80.82
73.20
77.91
73.68
77.59
74.38
64.31
62.88
58.52
67.86
67.80
60.54
64.63
66.50
43.19
69.83
65.22
93.28
91.97
70.38
87.85
4.27
76.11
91.96
80.44
101.15
77.92
87.69
68.16
73.29
80.45
70.27
63.23
63.08
67.66
71.03
70.79
43.39
37.63
36.61
34.28
28.47
22.01
25.58
32.92
36.71
36.22
42.58
41.32
57.77
41.50
56.18
68.42
74.97
73.12
90.44
80.11
97.38
101.86
82.39
54.46
79.10
82.02
70.97
78.45
72.22
65.89
56.08
111.26
108.46
120.68
29.95
54.49
72.77
59.37
79.82
138.87
86.53
65.16
60.24
42.59
43.02
28.50
33.11
35.22
35.21
36.17
36.17
35.73
35.77
35.60
35.72
35.72
38.04
36.17
36.17
36.73
42.70
54.80
47.66
51.26
49.14
53.02
63.01
58.28
58.89
66.62
54.72
53.33
55.98
45.38
50.00
40.80
36.17
37.05
47.59
63.69
54.25
53.97
53.10
58.42
57.17
57.37
44.62
51.49
54.12
48.51
44.34
41.58
43.00
36.20
43.19
43.19
69.37
72.53
62.56
56.66
56.00
54.53
56.49
54.82
48.70
47.58
49.38
48.90
52.15
56.55
62.21
61.12
75.06
81.00
73.37
80.19
78.78
79.42
57.58
77.81
76.45
82.38
81.76
80.38
90.28
80.02
90.70
93.08
86.62
98.28
92.22
89.20
88.24
108.71
93.12
87.48
90.49
85.55
79.83
67.31
92.10
85.11
83.25
101.48
60.28
52.62
48.58
48.67
51.70
51.30
53.01
54.12
56.62
57.72
65.22
64.59
67.79
65.73
72.43
64.83
66.48
63.01
65.99
64.48
63.78
69.54
64.40
65.05
59.88
64.53
62.63
68.03
67.27
59.36
56.70
56.19
56.06
59.45
60.29
60.31
70.29
68.43
73.17
73.98
66.01
65.34
65.80
64.06
64.36
64.53
71.45
72.95
100.42
85.05
73.37
70.01
68.26
65.98
64.80
65.96